<Frame>: 0 1 Needle
	<Transform>: 0 0 0 2.504478E-06 180 7.016708E-15 100 100 100 1.711291E-15 1 -2.185569E-08 7.54979E-08  
	<TransformMatrix>: -100 1.224647E-14 -1.509958E-05 0 6.722701E-13 100 -4.371139E-06 0 1.509958E-05 -4.371139E-06 -100 0 0 0 0 1  
	<Mesh>: 60 Needle
		<Bounds>: 0.001994923 0.2457958 -0.002992615 0.2649776 0.2542652 0.2581168
		<Positions>: 60 0.1668527 -0.008469409 -0.2611094 0.2169126 0.500061 -0.2110495 0.2669725 -0.008469409 -0.2611094 0.2669725 -0.008469409 -0.2611094 0.2169126 0.500061 -0.2110495 0.2669725 -0.008469409 -0.1609896 0.2669725 -0.008469409 -0.1609896 0.2169126 0.500061 -0.2110495 0.1668527 -0.008469409 -0.1609896 0.1668527 -0.008469409 -0.1609896 0.2169126 0.500061 -0.2110495 0.1668527 -0.008469409 -0.2611094 -0.04901989 -0.008469409 -0.05337962 0.00104002 0.500061 -0.003319713 0.05109993 -0.008469409 -0.05337962 0.05109993 -0.008469409 -0.05337962 0.00104002 0.500061 -0.003319713 0.05109993 -0.008469409 0.04674018 0.05109993 -0.008469409 0.04674018 0.00104002 0.500061 -0.003319713 -0.04901989 -0.008469409 0.04674018 -0.04901989 -0.008469409 0.04674018 0.00104002 0.500061 -0.003319713 -0.04901989 -0.008469409 -0.05337962 0.1668527 -0.008469409 0.1550044 0.2169126 0.500061 0.2050643 0.2669725 -0.008469409 0.1550044 0.2669725 -0.008469409 0.1550044 0.2169126 0.500061 0.2050643 0.2669725 -0.008469409 0.2551242 0.2669725 -0.008469409 0.2551242 0.2169126 0.500061 0.2050643 0.1668527 -0.008469409 0.2551242 0.1668527 -0.008469409 0.2551242 0.2169126 0.500061 0.2050643 0.1668527 -0.008469409 0.1550044 -0.2629827 -0.008469409 0.1550044 -0.2129228 0.500061 0.2050643 -0.1628629 -0.008469409 0.1550044 -0.1628629 -0.008469409 0.1550044 -0.2129228 0.500061 0.2050643 -0.1628629 -0.008469409 0.2551242 -0.1628629 -0.008469409 0.2551242 -0.2129228 0.500061 0.2050643 -0.2629827 -0.008469409 0.2551242 -0.2629827 -0.008469409 0.2551242 -0.2129228 0.500061 0.2050643 -0.2629827 -0.008469409 0.1550044 -0.2629827 -0.008469409 -0.2611094 -0.2129228 0.500061 -0.2110495 -0.1628629 -0.008469409 -0.2611094 -0.1628629 -0.008469409 -0.2611094 -0.2129228 0.500061 -0.2110495 -0.1628629 -0.008469409 -0.1609896 -0.1628629 -0.008469409 -0.1609896 -0.2129228 0.500061 -0.2110495 -0.2629827 -0.008469409 -0.1609896 -0.2629827 -0.008469409 -0.1609896 -0.2129228 0.500061 -0.2110495 -0.2629827 -0.008469409 -0.2611094  
		<Colors>: 0  
		<TextureCoords0>: 60 0.5250835 0.4902727 1 0.5352199 0.5250835 0.5801672 0.5250835 0.4902727 1 0.5352199 0.5250835 0.5801672 0.5250835 0.4902727 1 0.5352199 0.5250835 0.5801672 0.5250835 0.4902727 1 0.5352199 0.5250835 0.5801672 0.5250835 0.4902727 1 0.5352199 0.5250835 0.5801672 0.5250835 0.4902727 1 0.5352199 0.5250835 0.5801672 0.5250835 0.4902727 1 0.5352199 0.5250835 0.5801672 0.5250835 0.4902727 1 0.5352199 0.5250835 0.5801672 0.5250835 0.4902727 1 0.5352199 0.5250835 0.5801672 0.5250835 0.4902727 1 0.5352199 0.5250835 0.5801672 0.5250835 0.4902727 1 0.5352199 0.5250835 0.5801672 0.5250835 0.4902727 1 0.5352199 0.5250835 0.5801672 0.5250835 0.4902727 1 0.5352199 0.5250835 0.5801672 0.5250835 0.4902727 1 0.5352199 0.5250835 0.5801672 0.5250835 0.4902727 1 0.5352199 0.5250835 0.5801672 0.5250835 0.4902727 1 0.5352199 0.5250835 0.5801672 0.5250835 0.4902727 1 0.5352199 0.5250835 0.5801672 0.5250835 0.4902727 1 0.5352199 0.5250835 0.5801672 0.5250835 0.4902727 1 0.5352199 0.5250835 0.5801672 0.5250835 0.4902727 1 0.5352199 0.5250835 0.5801672  
		<TextureCoords1>: 0  
		<Normals>: 60 0 0.09796683 -0.9951897 0 0.09796683 -0.9951897 0 0.09796683 -0.9951897 0.9951897 0.09796683 0 0.9951897 0.09796683 0 0.9951897 0.09796683 0 0 0.09796683 0.9951897 0 0.09796683 0.9951897 0 0.09796683 0.9951897 -0.9951897 0.09796683 0 -0.9951897 0.09796683 0 -0.9951897 0.09796683 0 0 0.09796683 -0.9951897 0 0.09796683 -0.9951897 0 0.09796683 -0.9951897 0.9951897 0.09796683 0 0.9951897 0.09796683 0 0.9951897 0.09796683 0 0 0.09796679 0.9951897 0 0.09796679 0.9951897 0 0.09796679 0.9951897 -0.9951897 0.09796683 0 -0.9951897 0.09796683 0 -0.9951897 0.09796683 0 0 0.09796679 -0.9951897 0 0.09796679 -0.9951897 0 0.09796679 -0.9951897 0.9951897 0.09796683 0 0.9951897 0.09796683 0 0.9951897 0.09796683 0 0 0.09796679 0.9951897 0 0.09796679 0.9951897 0 0.09796679 0.9951897 -0.9951897 0.09796683 0 -0.9951897 0.09796683 0 -0.9951897 0.09796683 0 0 0.09796679 -0.9951897 0 0.09796679 -0.9951897 0 0.09796679 -0.9951897 0.9951897 0.09796679 0 0.9951897 0.09796679 0 0.9951897 0.09796679 0 0 0.09796679 0.9951897 0 0.09796679 0.9951897 0 0.09796679 0.9951897 -0.9951897 0.09796686 0 -0.9951897 0.09796686 0 -0.9951897 0.09796686 0 0 0.09796683 -0.9951897 0 0.09796683 -0.9951897 0 0.09796683 -0.9951897 0.9951897 0.09796679 0 0.9951897 0.09796679 0 0.9951897 0.09796679 0 0 0.09796683 0.9951897 0 0.09796683 0.9951897 0 0.09796683 0.9951897 -0.9951897 0.09796686 0 -0.9951897 0.09796686 0 -0.9951897 0.09796686 0  
		<Tangents>: 60 0 0.9951897 0.09796683 0 0.9951897 0.09796683 0 0.9951897 0.09796683 -0.09796683 0.9951897 0 -0.09796683 0.9951897 0 -0.09796683 0.9951897 0 0 0.9951897 -0.09796683 0 0.9951897 -0.09796683 0 0.9951897 -0.09796683 0.09796683 0.9951897 0 0.09796683 0.9951897 0 0.09796683 0.9951897 0 0 0.9951897 0.09796683 0 0.9951897 0.09796683 0 0.9951897 0.09796683 -0.09796683 0.9951897 0 -0.09796683 0.9951897 0 -0.09796683 0.9951897 0 0 0.9951897 -0.09796678 0 0.9951897 -0.09796679 0 0.9951897 -0.09796678 0.09796683 0.9951897 0 0.09796683 0.9951897 0 0.09796683 0.9951897 0 0 0.9951897 0.09796678 0 0.9951897 0.09796679 0 0.9951897 0.09796678 -0.09796683 0.9951897 0 -0.09796682 0.9951897 0 -0.09796683 0.9951897 0 0 0.9951897 -0.09796678 0 0.9951897 -0.09796679 0 0.9951897 -0.09796678 0.09796683 0.9951897 0 0.09796682 0.9951897 0 0.09796683 0.9951897 0 0 0.9951897 0.0979668 0 0.9951897 0.09796678 0 0.9951897 0.0979668 -0.0979668 0.9951897 0 -0.09796681 0.9951897 0 -0.0979668 0.9951897 0 0 0.9951897 -0.0979668 0 0.9951897 -0.09796678 0 0.9951897 -0.0979668 0.09796686 0.9951897 0 0.09796686 0.9951897 0 0.09796686 0.9951897 0 0 0.9951897 0.09796684 0 0.9951897 0.09796683 0 0.9951897 0.09796683 -0.0979668 0.9951897 0 -0.09796678 0.9951897 0 -0.0979668 0.9951897 0 0 0.9951897 -0.09796683 0 0.9951897 -0.09796683 0 0.9951897 -0.09796684 0.09796686 0.9951897 0 0.09796686 0.9951897 0 0.09796686 0.9951897 0  
		<BiTangents>: 60 -1 0 0 -1 0 0 -1 0 0 0 0 -1 0 0 -1 0 0 -1 1 0 0 1 0 0 1 0 0 0 0 1 0 0 1 0 0 1 -1 0 0 -1 0 0 -1 0 0 0 0 -1 0 0 -1 0 0 -1 1 0 0 1 0 0 1 0 0 0 0 1 0 0 1 0 0 1 -1 0 0 -1 0 0 -1 0 0 0 0 -1 0 0 -1 0 0 -1 1 0 0 1 0 0 1 0 0 0 0 1 0 0 1 0 0 1 -1 0 0 -1 0 0 -1 0 0 0 0 -1 0 0 -1 0 0 -1 1 0 0 1 0 0 1 0 0 0 0 1 0 0 1 0 0 1 -1 0 0 -1 0 0 -1 0 0 0 0 -1 0 0 -1 0 0 -1 1 0 0 1 0 0 1 0 0 0 0 1 0 0 1 0 0 1  
		<SubMeshes>: 1
			<SubMesh>: 0 60 0 1 2 3 4 5 6 7 8 9 10 11 12 13 14 15 16 17 18 19 20 21 22 23 24 25 26 27 28 29 30 31 32 33 34 35 36 37 38 39 40 41 42 43 44 45 46 47 48 49 50 51 52 53 54 55 56 57 58 59  
	</Mesh>
	<Materials>: 1
		<Material>: 0
			<AlbedoColor>: 1 1 1 1
			<EmissiveColor>: 0 0 0 1
			<Glossiness>: 0
			<Metallic>: 0
			<SpecularHighlight>: 1
			<GlossyReflection>: 1
			<AlbedoMap>: Tex_DungeonTrap
			<MetallicMap>: null
			<NormalMap>: null
			<EmissionMap>: null
			<DetailAlbedoMap>: null
			<DetailNormalMap>: null
	</Materials>
	<Children>: 0
</Frame>
