<Frame>: 0 1 trap_slow
	<Transform>: 0 0 0 2.504478E-06 180 8.212388E-13 100 100 100 1.142212E-14 1 -2.185569E-08 1.947072E-07  
	<TransformMatrix>: -100 1.433332E-12 -3.894144E-05 0 3.135516E-12 100 -4.371139E-06 0 3.894144E-05 -4.371139E-06 -100 0 0 0 0 1  
	<Mesh>: 88 Trap_Slow
		<Bounds>: 0 0.02502997 -2.980232E-08 0.5 0.02502997 0.5
		<Positions>: 88 -0.0005989845 0.02490323 -0.4281327 -0.4281327 0.02490323 -0.4281327 -0.4281327 0.02490323 0.0005990395 -0.0005990219 0.02490323 0.0005990196 -0.0005989782 3.108624E-17 -0.5 -0.4999999 4.768371E-09 -0.5000001 -0.4999999 0.0500599 -0.5000001 -0.0005989782 0.0500599 -0.5 0.5 -3.108624E-17 -0.5 0.5 0.0500599 -0.5 0.5 -6.217249E-17 0.0005990634 0.5 -3.108624E-17 -0.5 0.5 0.0500599 -0.5 0.5 0.0500599 0.0005990634 0.4999999 3.814697E-08 0.5 0.4999999 0.05005994 0.5 -0.0005990656 3.814697E-08 0.4999999 0.4999999 3.814697E-08 0.5 0.4999999 0.05005994 0.5 -0.0005990656 0.05005994 0.4999999 -0.5 3.814697E-08 0.5 -0.5 0.05005994 0.5 -0.5 4.768371E-09 0.0005990332 -0.5 3.814697E-08 0.5 -0.5 0.05005994 0.5 -0.5 0.0500599 0.0005990332 -0.4999999 4.768371E-09 -0.5000001 -0.4999999 0.0500599 -0.5000001 -0.0005989782 0.0500599 -0.5 -0.4999999 0.0500599 -0.5000001 -0.4281327 0.0500599 -0.4281327 -0.0005989845 0.0500599 -0.4281327 0.4281328 0.0500599 -0.4281327 0.5 0.0500599 -0.5 0.5 0.0500599 0.0005990634 0.5 0.0500599 -0.5 0.4281328 0.0500599 -0.4281327 0.4281327 0.0500599 0.0005990571 0.4281327 0.05005994 0.4281327 0.4999999 0.05005994 0.5 -0.0005990656 0.05005994 0.4999999 0.4999999 0.05005994 0.5 0.4281327 0.05005994 0.4281327 -0.0005990593 0.05005994 0.4281327 -0.4281327 0.05005994 0.4281326 -0.5 0.05005994 0.5 -0.5 0.0500599 0.0005990332 -0.5 0.05005994 0.5 -0.4281327 0.05005994 0.4281326 -0.4281327 0.0500599 0.0005990395 -0.4281327 0.0500599 -0.4281327 -0.4999999 0.0500599 -0.5000001 -0.0005989845 0.0500599 -0.4281327 -0.4281327 0.0500599 -0.4281327 -0.4281327 0.02490323 -0.4281327 -0.0005989845 0.02490323 -0.4281327 0.4281328 0.0500599 -0.4281327 0.4281328 0.02490323 -0.4281327 0.4281327 0.0500599 0.0005990571 0.4281328 0.0500599 -0.4281327 0.4281328 0.02490323 -0.4281327 0.4281327 0.02490323 0.0005990571 0.4281327 0.05005994 0.4281327 0.4281327 0.02490327 0.4281327 -0.0005990593 0.05005994 0.4281327 0.4281327 0.05005994 0.4281327 0.4281327 0.02490327 0.4281327 -0.0005990593 0.02490327 0.4281327 -0.4281327 0.05005994 0.4281326 -0.4281327 0.02490327 0.4281326 -0.4281327 0.0500599 0.0005990395 -0.4281327 0.05005994 0.4281326 -0.4281327 0.02490327 0.4281326 -0.4281327 0.02490323 0.0005990395 -0.4281327 0.0500599 -0.4281327 -0.4281327 0.02490323 -0.4281327 0.4281327 0.02490327 0.4281327 0.4281327 0.02490323 0.0005990571 -0.0005990219 0.02490323 0.0005990196 -0.0005990593 0.02490327 0.4281327 0.4281328 0.02490323 -0.4281327 -0.0005989845 0.02490323 -0.4281327 -0.0005990219 0.02490323 0.0005990196 0.4281327 0.02490323 0.0005990571 -0.4281327 0.02490327 0.4281326 -0.0005990593 0.02490327 0.4281327 -0.0005990219 0.02490323 0.0005990196 -0.4281327 0.02490323 0.0005990395  
		<Colors>: 0  
		<TextureCoords0>: 88 0.9872214 0.5944614 0.5465261 0.5944614 0.5465261 0.9535962 0.9872214 0.9535962 0.5 0.002872229 0 0.002872229 0 0.07270712 0.5 0.07270712 1 0.002872229 1 0.07270712 0.4999982 0.002872229 0.9999982 0.002872229 0.9999982 0.07263392 0.4999982 0.07263535 -1.788139E-06 0.002872229 -1.788139E-06 0.07263678 0.5 0.002872229 1 0.002872229 1 0.07263529 0.5 0.07263529 0 0.002872229 0 0.07263529 0.5000018 0.002872229 1.788139E-06 0.002872229 1.788139E-06 0.07270575 0.5000018 0.07270724 1.000002 0.002872229 1.000002 0.07270867 0.5 0.07270712 0 0.07270712 0.07178128 0.146037 0.5 0.146037 0.9282187 0.146037 1 0.07270712 0.4999982 0.07263535 0.9999982 0.07263392 0.9282172 0.145964 0.4999985 0.1459652 0.07177973 0.1459664 -1.788139E-06 0.07263678 0.5 0.07263529 1 0.07263529 0.9282187 0.1459652 0.5 0.1459652 0.07178128 0.1459652 0 0.07263529 0.5000018 0.07270724 1.788139E-06 0.07270575 0.07178283 0.1460358 0.5000015 0.146037 0.9282203 0.1460383 1.000002 0.07270867 0.5 0.146037 0.07178128 0.146037 0.07178128 0.2150089 0.5 0.2150089 0.9282187 0.146037 0.9282187 0.2150089 0.4999985 0.1459652 0.9282172 0.145964 0.9282172 0.2149358 0.4999985 0.214937 0.07177973 0.1459664 0.07177973 0.2149383 0.5 0.1459652 0.9282187 0.1459652 0.9282187 0.214937 0.5 0.214937 0.07178128 0.1459652 0.07178128 0.214937 0.5000015 0.146037 0.07178283 0.1460358 0.07178283 0.2150076 0.5000015 0.2150089 0.9282203 0.1460383 0.9282203 0.21501 0.5465261 0.5944614 0.5465261 0.9535962 0.9872214 0.9535962 0.9872214 0.5944614 0.5465261 0.5944614 0.9872214 0.5944614 0.9872214 0.9535962 0.5465261 0.9535962 0.5465261 0.5944614 0.9872214 0.5944614 0.9872214 0.9535962 0.5465261 0.9535962  
		<TextureCoords1>: 0  
		<Normals>: 88 0 1 0 0 1 0 0 1 0 0 1 0 0 0 -1 0 0 -1 0 0 -1 0 0 -1 0 0 -1 0 0 -1 1 0 0 1 0 0 1 0 0 1 0 0 1 0 0 1 0 0 0 0 1 0 0 1 0 0 1 0 0 1 0 0 1 0 0 1 -1 0 0 -1 0 0 -1 0 0 -1 0 0 -1 0 0 -1 0 0 0 1 0 0 1 0 0 1 0 0 1 0 0 1 0 0 1 0 0 1 0 0 1 0 0 1 0 0 1 0 0 1 0 0 1 0 0 1 0 0 1 0 0 1 0 0 1 0 0 1 0 0 1 0 0 1 0 0 1 0 0 1 0 0 1 0 0 1 0 0 1 0 0 0 1 0 0 1 0 0 1 0 0 1 0 0 1 0 0 1 -1 0 0 -1 0 0 -1 0 0 -1 0 0 -1 0 -1.766485E-07 -1 0 -1.766485E-07 0 0 -1 0 0 -1 0 0 -1 0 0 -1 0 0 -1 0 0 -1 1 0 0 1 0 0 1 0 0 1 0 0 1 0 0 1 0 0 0 1 0 0 1 0 0 1 0 0 1 0 0 1 0 0 1 0 0 1 0 0 1 0 0 1 0 0 1 0 0 1 0 0 1 0  
		<Tangents>: 88 1 0 0 1 0 0 1 0 0 1 0 0 1 0 0 1 0 0 1 0 0 1 0 0 1 0 0 1 0 0 0 0 -1 0 0 -1 0 0 -1 0 0 -1 0 0 -1 0 0 -1 1 0 0 1 0 0 1 0 0 1 0 0 1 0 0 1 0 0 0 0 -1 0 0 -1 0 0 -1 0 0 -1 0 0 -1 0 0 -1 1 0 0 1 0 0 1 0 0 1 0 0 1 0 0 1 0 0 0 0 -1 0 0 -1 0 0 -1 0 0 -1 0 0 -1 0 0 -1 1 0 0 1 0 0 1 0 0 1 0 0 1 0 0 1 0 0 0 0 -1 0 0 -1 0 0 -1 0 0 -1 0 0 -1 0 0 -1 1 0 0 1 0 0 1 0 0 1 0 0 1 0 0 1 0 0 0 0 -1 0 0 -1 0 0 -1 0 0 -1 0 0 -1 0 0 -1 1 0 0 1 0 0 1 0 0 1 0 0 1 0 0 1 0 0 0 0 -1 0 0 -1 0 0 -1 0 0 -1 0 0 -1 0 0 -1 -1 0 0 -1 0 0 -1 0 0 -1 0 0 -1 0 0 -1 0 0 -1 0 0 -1 0 0 1 0 0 1 0 0 1 0 0 1 0 0  
		<BiTangents>: 88 0 0 -1 0 0 -1 0 0 -1 0 0 -1 0 -1 0 0 -1 0 0 -1 0 0 -1 0 0 -1 0 0 -1 0 0 -1 0 0 -1 0 0 -1 0 0 -1 0 0 -1 0 0 -1 0 0 -1 0 0 -1 0 0 -1 0 0 -1 0 0 -1 0 0 -1 0 0 -1 0 0 -1 0 0 -1 0 0 -1 0 0 -1 0 0 -1 0 0 0 -1 0 0 -1 0 0 -1 0 0 -1 0 0 -1 0 0 -1 1 0 0 1 0 0 1 0 0 1 0 0 1 0 0 1 0 0 0 0 1 0 0 1 0 0 1 0 0 1 0 0 1 0 0 1 -1 0 0 -1 0 0 -1 0 0 -1 0 0 -1 0 0 -1 0 0 0 1 0 0 1 0 0 1 0 0 1 0 0 1 0 0 1 0 0 1 0 0 1 0 0 1 0 0 1 0 0 1 0 0 1 0 0 1 0 0 1 0 0 1 0 0 1 0 0 1 0 0 1 0 0 1 0 0 1 0 0 1 0 0 1 0 0 1 0 0 1 0 0 0 1 0 0 1 0 0 1 0 0 1 0 0 -1 0 0 -1 0 0 -1 0 0 -1 0 0 1 0 0 1 0 0 1 0 0 1  
		<SubMeshes>: 1
			<SubMesh>: 0 168 0 1 2 0 2 3 4 5 6 4 6 7 8 4 7 8 7 9 10 11 12 10 12 13 14 10 13 14 13 15 16 17 18 16 18 19 20 16 19 20 19 21 22 23 24 22 24 25 26 22 25 26 25 27 28 29 30 28 30 31 28 31 32 28 32 33 34 35 36 34 36 37 34 37 38 34 38 39 40 41 42 40 42 43 40 43 44 40 44 45 46 47 48 46 48 49 46 49 50 46 50 51 52 53 54 52 54 55 56 52 55 56 55 57 58 59 60 58 60 61 62 58 61 62 61 63 64 65 66 64 66 67 68 64 67 68 67 69 70 71 72 70 72 73 74 70 73 74 73 75 76 77 78 76 78 79 80 81 82 80 82 83 84 85 86 84 86 87  
	</Mesh>
	<Materials>: 1
		<Material>: 0
			<AlbedoColor>: 0.5882353 0.5882353 0.5882353 1
			<EmissiveColor>: 0 0 0 0
			<Glossiness>: 0
			<Metallic>: 0
			<SpecularHighlight>: 1
			<GlossyReflection>: 1
			<AlbedoMap>: Tex_DungeonTrap
			<MetallicMap>: null
			<NormalMap>: null
			<EmissionMap>: null
			<DetailAlbedoMap>: null
			<DetailNormalMap>: null
	</Materials>
	<Children>: 0
</Frame>
