<Frame>: 0 1 Trap_Spear
	<Transform>: 0 0 0 0 0 0 5 5 5 0 0 0 1  
	<TransformMatrix>: 5 0 0 0 0 5 0 0 0 0 5 0 0 0 0 1  
	<Children>: 9
		<Frame>: 1 0 Spear9
			<Transform>: 0 0 0 2.504478E-06 0 0 5 5 5 2.185569E-08 0 0 1  
			<TransformMatrix>: 5 0 0 0 0 5 2.185569E-07 0 0 -2.185569E-07 5 0 0 0 0 1  
			<Mesh>: 64 Spear
				<Bounds>: 0 -0.4610021 -1.862645E-08 0.1289639 1.540578 0.08330876
				<Positions>: 64 -1.257929E-08 0.3600785 0.08330873 0.1289639 0.3600785 6.561641E-10 -3.789875E-14 1.079576 9.840421E-08 1.257925E-08 0.3600785 -0.08330877 -0.1289639 0.3600785 -3.828987E-08 -3.789875E-14 1.079576 9.840421E-08 -0.1289639 0.3600785 -3.828987E-08 -1.257929E-08 0.3600785 0.08330873 -3.789875E-14 1.079576 9.840421E-08 0.1289639 0.3600785 6.561641E-10 1.257925E-08 0.3600785 -0.08330877 -3.789875E-14 1.079576 9.840421E-08 0.1289639 0.3600785 6.561641E-10 -4.091265E-09 0.1315733 0.02709507 0.05683196 0.1315733 -4.746369E-08 -1.257929E-08 0.3600785 0.08330873 -0.1289639 0.3600785 -3.828987E-08 4.091244E-09 0.1315733 -0.02709524 -0.05683196 0.1315733 -6.462647E-08 1.257925E-08 0.3600785 -0.08330877 -1.257929E-08 0.3600785 0.08330873 -0.05683196 0.1315733 -6.462647E-08 -4.091265E-09 0.1315733 0.02709507 -0.1289639 0.3600785 -3.828987E-08 1.257925E-08 0.3600785 -0.08330877 0.05683196 0.1315733 -4.746369E-08 4.091244E-09 0.1315733 -0.02709524 0.1289639 0.3600785 6.561641E-10 -0.05026638 -2.00158 -5.776991E-07 2.296717E-07 -2.00158 -0.05055007 0.05026682 -2.00158 -5.62519E-07 2.144062E-07 -2.00158 0.0505489 -0.05026638 -2.00158 -5.776991E-07 2.296716E-07 -0.1502638 -0.0505498 2.296717E-07 -2.00158 -0.05055007 -0.05026638 -0.1502638 -3.31591E-07 2.144062E-07 -2.00158 0.0505489 2.144061E-07 -0.1502638 0.05054918 0.05026682 -2.00158 -5.62519E-07 2.144061E-07 -0.1502638 0.05054918 2.144062E-07 -2.00158 0.0505489 0.05026682 -0.1502638 -3.164109E-07 2.296717E-07 -2.00158 -0.05055007 2.296716E-07 -0.1502638 -0.0505498 0.07334609 -0.1524138 -3.132764E-07 2.110067E-07 0.1337233 0.07306271 2.110067E-07 -0.1524138 0.07306267 0.07334609 0.1337233 -2.666587E-07 2.330711E-07 -0.1524138 -0.07306329 2.330711E-07 0.1337233 -0.07306325 -0.07334565 -0.1524138 -3.354262E-07 2.330711E-07 0.1337233 -0.07306325 2.330711E-07 -0.1524138 -0.07306329 -0.07334565 0.1337233 -2.888085E-07 2.110067E-07 -0.1524138 0.07306267 2.110067E-07 0.1337233 0.07306271 2.110067E-07 -0.1524138 0.07306267 2.330711E-07 -0.1524138 -0.07306329 0.07334609 -0.1524138 -3.132764E-07 -0.07334565 -0.1524138 -3.354262E-07 2.110067E-07 0.1337233 0.07306271 2.330711E-07 0.1337233 -0.07306325 -0.07334565 0.1337233 -2.888085E-07 0.07334609 0.1337233 -2.666587E-07  
				<Colors>: 0  
				<TextureCoords0>: 64 0.9191372 0.387674 0.9191372 0.4595059 0.6590244 0.3876739 0.9191372 0.3876739 0.9191372 0.3158419 0.6590244 0.3876739 0.9191372 0.3158419 0.9191372 0.387674 0.6590244 0.3876739 0.9191372 0.4595059 0.9191372 0.3876739 0.6590244 0.3876739 0.9191372 0.4595059 0.9989467 0.3876739 0.9989467 0.4193289 0.9191372 0.387674 0.9191372 0.3158419 0.9989467 0.3876739 0.9989467 0.3560189 0.9191372 0.3876739 0.9191372 0.387674 0.9989467 0.3560189 0.9989467 0.3876739 0.9191372 0.3158419 0.9191372 0.3876739 0.9989467 0.4193289 0.9989467 0.3876739 0.9191372 0.4595059 0.4507526 0.7568424 0.4507526 0.7681783 0.4620885 0.7681783 0.4620885 0.7568424 0.004962665 0.797538 0.9979746 0.8411911 0.004962665 0.8411911 0.9979746 0.797538 0.004962665 0.7538846 0.9979746 0.7538846 0.004962665 0.797538 0.9979746 0.7538846 0.004962665 0.7538846 0.9979746 0.797538 0.004962665 0.8411911 0.9979746 0.8411911 0.9313427 0.7325454 0.8879787 0.6031192 0.8879786 0.7325454 0.9313426 0.6031191 0.9747066 0.7325454 0.9747066 0.6031191 0.9313427 0.7325454 0.9747066 0.6031191 0.9747066 0.7325454 0.9313426 0.6031191 0.8879786 0.7325454 0.8879787 0.6031192 0.8879786 0.7325454 0.9747066 0.7325454 0.9313427 0.7325454 0.9313427 0.7325454 0.8879786 0.7325454 0.9747066 0.7325454 0.9313427 0.7325454 0.9313427 0.7325454  
				<TextureCoords1>: 0  
				<Normals>: 64 0.5400668 0.09680233 0.8360366 0.5400669 0.09680232 0.8360365 0.5400669 0.09680232 0.8360365 -0.5400668 0.09680261 -0.8360366 -0.5400668 0.09680261 -0.8360366 -0.5400668 0.09680261 -0.8360366 -0.5400671 0.09680234 0.8360364 -0.5400671 0.09680234 0.8360364 -0.5400671 0.09680234 0.8360364 0.5400671 0.09680262 -0.8360364 0.540067 0.09680261 -0.8360364 0.5400671 0.09680261 -0.8360364 0.5136968 -0.1907321 0.8365027 0.4660149 -0.159823 0.8702222 0.4264345 -0.1346123 0.8944457 0.5313885 -0.2023652 0.8226023 -0.513697 -0.1907317 -0.8365027 -0.4660155 -0.1598229 -0.870222 -0.4264353 -0.1346123 -0.8944454 -0.5313885 -0.2023647 -0.8226024 -0.515362 -0.1774857 0.8383918 -0.4605342 -0.2006972 0.8646554 -0.4201182 -0.2167797 0.8811965 -0.5348263 -0.1688282 0.8279238 0.515362 -0.1774854 -0.8383919 0.4605346 -0.2006967 -0.8646552 0.4201189 -0.2167791 -0.8811963 0.5348265 -0.1688279 -0.8279238 0 -1 0 0 -1 0 0 -1 0 0 -1 0 -1 0 -2.675654E-07 0 1.413642E-07 -1 3.884715E-07 1.413642E-07 -1 -1 0 0 -3.766995E-07 -1.413642E-07 1 0 -1.413642E-07 1 1 0 4.281046E-07 0 -1.413642E-07 1 -3.766995E-07 -1.413642E-07 1 1 0 -2.140523E-07 3.884715E-07 1.413642E-07 -1 0 1.413642E-07 -1 1 0 0 -2.142386E-07 -1.550214E-07 1 -1.004244E-07 -1.550214E-07 1 1 0 1.613011E-07 1.606789E-07 1.550214E-07 -1 1.874587E-07 1.550214E-07 -1 -1 0 -2.688351E-07 1.874587E-07 1.550214E-07 -1 1.606789E-07 1.550214E-07 -1 -1 0 -2.688351E-07 -1.004244E-07 -1.550214E-07 1 -2.142386E-07 -1.550214E-07 1 0 -1 -2.610554E-07 0 -1 -2.610554E-07 0 -1 -2.610554E-07 0 -1 -2.610554E-07 0 1 0 0 1 0 0 1 0 0 1 0  
				<Tangents>: 64 0.03335567 -0.9950448 0.0936662 0.05298823 -0.9953035 0.08101381 0.05252638 -0.9953036 0.08131217 -0.03335574 -0.9950447 -0.09366649 -0.05298831 -0.9953035 -0.0810141 -0.0525266 -0.9953036 -0.08131238 -0.05206488 -0.9953035 0.0816103 -0.03335582 -0.9950448 0.09366611 -0.05252662 -0.9953036 0.08131204 0.05206473 -0.9953035 -0.08161074 0.03335571 -0.9950447 -0.0936665 0.05252641 -0.9953036 -0.08131251 -0.09935276 -0.981642 -0.1628129 0.01483119 -0.9820006 -0.1882943 -0.08509327 -0.9904487 -0.1084916 -0.1294561 -0.9790413 -0.1572234 0.09935265 -0.9816421 0.1628125 -0.01483089 -0.9820007 0.188294 0.08509326 -0.9904487 0.1084916 0.129456 -0.9790414 0.157223 0.1120743 -0.9838746 -0.1393916 0.06553208 -0.9791329 -0.192365 0.009008063 -0.9719965 -0.2348224 0.09207492 -0.9856454 -0.1415113 -0.1120744 -0.9838747 0.1393912 -0.06553216 -0.979133 0.1923645 -0.009007635 -0.9719967 0.2348221 -0.09207512 -0.9856454 0.1415109 0.7051198 0 0.7090882 0.7051197 0 0.7090883 0.7051198 0 0.7090882 0.7051199 0 0.7090881 -3.76356E-14 1 1.406594E-07 0 1 1.413642E-07 -1.205436E-16 1 1.413642E-07 0 1 1.41641E-07 2.713949E-16 1 1.413642E-07 0 1 1.413642E-07 -6.063714E-14 1 1.41641E-07 0 1 1.413642E-07 2.713949E-16 1 1.413642E-07 3.010848E-14 1 1.406594E-07 -1.205436E-16 1 1.413642E-07 0 1 1.413642E-07 0 -1.644701E-06 -1 1 -1.906144E-06 2.142384E-07 1 -1.747881E-06 1.004241E-07 1.61301E-07 -1.803576E-06 -1 -1 3.839125E-09 -1.606788E-07 -1 -1.544235E-07 -1.874587E-07 2.68835E-07 1.588754E-07 -1 1 -1.095233E-07 1.874588E-07 1 4.873944E-08 1.60679E-07 2.68835E-07 0 -1 -1 -1.792781E-06 -1.004246E-07 -1 -1.951044E-06 -2.142389E-07 1 0 0 1 0 0 1 0 0 1 0 0 1 0 0 1 0 0 1 0 0 1 0 0  
				<BiTangents>: 64 -0.8409609 0.02269945 0.5406196 -0.8399524 -0.0005472175 0.5426599 -0.8399814 4.076142E-08 0.5426152 -0.8409609 -0.02269955 0.5406196 -0.8399523 0.0005471298 0.5426598 -0.8399814 3.830351E-08 0.5426152 -0.8400099 -0.0005469031 -0.5425707 -0.8409607 -0.0226993 -0.5406199 -0.8399813 2.133233E-07 -0.5426154 -0.84001 0.0005472602 -0.5425706 -0.8409608 0.0226996 -0.5406197 -0.8399813 2.114733E-07 -0.5426154 -0.8521998 -0.0005276017 0.5232162 -0.8846526 -0.1006544 0.4552566 -0.900507 0.02984675 0.4338161 -0.8371782 0.02294419 0.5464487 -0.8521998 0.0005275233 0.5232163 -0.8846523 0.1006541 0.4552572 -0.9005066 -0.02984662 0.4338169 -0.8371782 -0.0229443 0.5464488 -0.8496125 -0.02212506 -0.5269432 -0.8852196 0.031928 -0.4640763 -0.9074247 0.09071528 -0.4103062 -0.8399304 -0.0005470284 -0.542694 -0.8496125 0.02212535 -0.5269432 -0.8852194 -0.03192778 -0.4640768 -0.9074243 -0.0907157 -0.4103069 -0.8399302 0.0005473866 -0.5426942 -0.7090882 0 0.7051198 -0.7090883 0 0.7051197 -0.7090882 0 0.7051198 -0.7090881 0 0.7051199 -2.675654E-07 -1.406594E-07 1 -1 0 0 -1 5.479542E-14 -3.884715E-07 0 -1.41641E-07 1 1 -5.352323E-14 3.766995E-07 1 0 0 -4.281046E-07 -1.41641E-07 1 -1 0 0 -1 5.352323E-14 -3.766995E-07 2.140523E-07 -1.406594E-07 1 1 -5.479542E-14 3.884715E-07 1 0 0 0 1 -1.644701E-06 1.906144E-06 1 1.550218E-07 1.747881E-06 1 1.550216E-07 2.909188E-13 1 -1.803576E-06 3.839101E-09 1 1.550214E-07 -1.544235E-07 1 1.550214E-07 -4.271128E-14 1 1.588754E-07 1.095232E-07 1 1.550214E-07 -4.873947E-08 1 1.550214E-07 0 1 0 -1.792781E-06 1 1.550212E-07 -1.951044E-06 1 1.55021E-07 0 -2.610554E-07 1 0 -2.610554E-07 1 0 -2.610554E-07 1 0 -2.610554E-07 1 0 0 1 0 0 1 0 0 1 0 0 1  
				<SubMeshes>: 1
					<SubMesh>: 0 102 0 1 2 3 4 5 6 7 8 9 10 11 12 13 14 13 12 15 16 17 18 17 16 19 20 21 22 21 20 23 24 25 26 25 24 27 28 29 30 28 30 31 32 33 34 33 32 35 36 35 32 35 36 37 38 39 40 39 38 41 42 41 38 41 42 43 44 45 46 45 44 47 48 47 44 47 48 49 50 51 52 51 50 53 54 53 50 53 54 55 56 57 58 57 56 59 60 61 62 61 60 63  
			</Mesh>
			<Materials>: 1
				<Material>: 0
					<AlbedoMap>: Tex_Trap01
			</Materials>
			<Children>: 0
		</Frame>
		<Frame>: 2 0 Spear1
			<Transform>: 5 0 0 2.504478E-06 0 0 5 5 5 2.185569E-08 0 0 1  
			<TransformMatrix>: 5 0 0 0 0 5 2.185569E-07 0 0 -2.185569E-07 5 0 5 0 0 1  
			<Mesh>: 64 Spear
				<Bounds>: 0 -0.4610021 -1.862645E-08 0.1289639 1.540578 0.08330876
				<Positions>: 64 -1.257929E-08 0.3600785 0.08330873 0.1289639 0.3600785 6.561641E-10 -3.789875E-14 1.079576 9.840421E-08 1.257925E-08 0.3600785 -0.08330877 -0.1289639 0.3600785 -3.828987E-08 -3.789875E-14 1.079576 9.840421E-08 -0.1289639 0.3600785 -3.828987E-08 -1.257929E-08 0.3600785 0.08330873 -3.789875E-14 1.079576 9.840421E-08 0.1289639 0.3600785 6.561641E-10 1.257925E-08 0.3600785 -0.08330877 -3.789875E-14 1.079576 9.840421E-08 0.1289639 0.3600785 6.561641E-10 -4.091265E-09 0.1315733 0.02709507 0.05683196 0.1315733 -4.746369E-08 -1.257929E-08 0.3600785 0.08330873 -0.1289639 0.3600785 -3.828987E-08 4.091244E-09 0.1315733 -0.02709524 -0.05683196 0.1315733 -6.462647E-08 1.257925E-08 0.3600785 -0.08330877 -1.257929E-08 0.3600785 0.08330873 -0.05683196 0.1315733 -6.462647E-08 -4.091265E-09 0.1315733 0.02709507 -0.1289639 0.3600785 -3.828987E-08 1.257925E-08 0.3600785 -0.08330877 0.05683196 0.1315733 -4.746369E-08 4.091244E-09 0.1315733 -0.02709524 0.1289639 0.3600785 6.561641E-10 -0.05026638 -2.00158 -5.776991E-07 2.296717E-07 -2.00158 -0.05055007 0.05026682 -2.00158 -5.62519E-07 2.144062E-07 -2.00158 0.0505489 -0.05026638 -2.00158 -5.776991E-07 2.296716E-07 -0.1502638 -0.0505498 2.296717E-07 -2.00158 -0.05055007 -0.05026638 -0.1502638 -3.31591E-07 2.144062E-07 -2.00158 0.0505489 2.144061E-07 -0.1502638 0.05054918 0.05026682 -2.00158 -5.62519E-07 2.144061E-07 -0.1502638 0.05054918 2.144062E-07 -2.00158 0.0505489 0.05026682 -0.1502638 -3.164109E-07 2.296717E-07 -2.00158 -0.05055007 2.296716E-07 -0.1502638 -0.0505498 0.07334609 -0.1524138 -3.132764E-07 2.110067E-07 0.1337233 0.07306271 2.110067E-07 -0.1524138 0.07306267 0.07334609 0.1337233 -2.666587E-07 2.330711E-07 -0.1524138 -0.07306329 2.330711E-07 0.1337233 -0.07306325 -0.07334565 -0.1524138 -3.354262E-07 2.330711E-07 0.1337233 -0.07306325 2.330711E-07 -0.1524138 -0.07306329 -0.07334565 0.1337233 -2.888085E-07 2.110067E-07 -0.1524138 0.07306267 2.110067E-07 0.1337233 0.07306271 2.110067E-07 -0.1524138 0.07306267 2.330711E-07 -0.1524138 -0.07306329 0.07334609 -0.1524138 -3.132764E-07 -0.07334565 -0.1524138 -3.354262E-07 2.110067E-07 0.1337233 0.07306271 2.330711E-07 0.1337233 -0.07306325 -0.07334565 0.1337233 -2.888085E-07 0.07334609 0.1337233 -2.666587E-07  
				<Colors>: 0  
				<TextureCoords0>: 64 0.9191372 0.387674 0.9191372 0.4595059 0.6590244 0.3876739 0.9191372 0.3876739 0.9191372 0.3158419 0.6590244 0.3876739 0.9191372 0.3158419 0.9191372 0.387674 0.6590244 0.3876739 0.9191372 0.4595059 0.9191372 0.3876739 0.6590244 0.3876739 0.9191372 0.4595059 0.9989467 0.3876739 0.9989467 0.4193289 0.9191372 0.387674 0.9191372 0.3158419 0.9989467 0.3876739 0.9989467 0.3560189 0.9191372 0.3876739 0.9191372 0.387674 0.9989467 0.3560189 0.9989467 0.3876739 0.9191372 0.3158419 0.9191372 0.3876739 0.9989467 0.4193289 0.9989467 0.3876739 0.9191372 0.4595059 0.4507526 0.7568424 0.4507526 0.7681783 0.4620885 0.7681783 0.4620885 0.7568424 0.004962665 0.797538 0.9979746 0.8411911 0.004962665 0.8411911 0.9979746 0.797538 0.004962665 0.7538846 0.9979746 0.7538846 0.004962665 0.797538 0.9979746 0.7538846 0.004962665 0.7538846 0.9979746 0.797538 0.004962665 0.8411911 0.9979746 0.8411911 0.9313427 0.7325454 0.8879787 0.6031192 0.8879786 0.7325454 0.9313426 0.6031191 0.9747066 0.7325454 0.9747066 0.6031191 0.9313427 0.7325454 0.9747066 0.6031191 0.9747066 0.7325454 0.9313426 0.6031191 0.8879786 0.7325454 0.8879787 0.6031192 0.8879786 0.7325454 0.9747066 0.7325454 0.9313427 0.7325454 0.9313427 0.7325454 0.8879786 0.7325454 0.9747066 0.7325454 0.9313427 0.7325454 0.9313427 0.7325454  
				<TextureCoords1>: 0  
				<Normals>: 64 0.5400668 0.09680233 0.8360366 0.5400669 0.09680232 0.8360365 0.5400669 0.09680232 0.8360365 -0.5400668 0.09680261 -0.8360366 -0.5400668 0.09680261 -0.8360366 -0.5400668 0.09680261 -0.8360366 -0.5400671 0.09680234 0.8360364 -0.5400671 0.09680234 0.8360364 -0.5400671 0.09680234 0.8360364 0.5400671 0.09680262 -0.8360364 0.540067 0.09680261 -0.8360364 0.5400671 0.09680261 -0.8360364 0.5136968 -0.1907321 0.8365027 0.4660149 -0.159823 0.8702222 0.4264345 -0.1346123 0.8944457 0.5313885 -0.2023652 0.8226023 -0.513697 -0.1907317 -0.8365027 -0.4660155 -0.1598229 -0.870222 -0.4264353 -0.1346123 -0.8944454 -0.5313885 -0.2023647 -0.8226024 -0.515362 -0.1774857 0.8383918 -0.4605342 -0.2006972 0.8646554 -0.4201182 -0.2167797 0.8811965 -0.5348263 -0.1688282 0.8279238 0.515362 -0.1774854 -0.8383919 0.4605346 -0.2006967 -0.8646552 0.4201189 -0.2167791 -0.8811963 0.5348265 -0.1688279 -0.8279238 0 -1 0 0 -1 0 0 -1 0 0 -1 0 -1 0 -2.675654E-07 0 1.413642E-07 -1 3.884715E-07 1.413642E-07 -1 -1 0 0 -3.766995E-07 -1.413642E-07 1 0 -1.413642E-07 1 1 0 4.281046E-07 0 -1.413642E-07 1 -3.766995E-07 -1.413642E-07 1 1 0 -2.140523E-07 3.884715E-07 1.413642E-07 -1 0 1.413642E-07 -1 1 0 0 -2.142386E-07 -1.550214E-07 1 -1.004244E-07 -1.550214E-07 1 1 0 1.613011E-07 1.606789E-07 1.550214E-07 -1 1.874587E-07 1.550214E-07 -1 -1 0 -2.688351E-07 1.874587E-07 1.550214E-07 -1 1.606789E-07 1.550214E-07 -1 -1 0 -2.688351E-07 -1.004244E-07 -1.550214E-07 1 -2.142386E-07 -1.550214E-07 1 0 -1 -2.610554E-07 0 -1 -2.610554E-07 0 -1 -2.610554E-07 0 -1 -2.610554E-07 0 1 0 0 1 0 0 1 0 0 1 0  
				<Tangents>: 64 0.03335567 -0.9950448 0.0936662 0.05298823 -0.9953035 0.08101381 0.05252638 -0.9953036 0.08131217 -0.03335574 -0.9950447 -0.09366649 -0.05298831 -0.9953035 -0.0810141 -0.0525266 -0.9953036 -0.08131238 -0.05206488 -0.9953035 0.0816103 -0.03335582 -0.9950448 0.09366611 -0.05252662 -0.9953036 0.08131204 0.05206473 -0.9953035 -0.08161074 0.03335571 -0.9950447 -0.0936665 0.05252641 -0.9953036 -0.08131251 -0.09935276 -0.981642 -0.1628129 0.01483119 -0.9820006 -0.1882943 -0.08509327 -0.9904487 -0.1084916 -0.1294561 -0.9790413 -0.1572234 0.09935265 -0.9816421 0.1628125 -0.01483089 -0.9820007 0.188294 0.08509326 -0.9904487 0.1084916 0.129456 -0.9790414 0.157223 0.1120743 -0.9838746 -0.1393916 0.06553208 -0.9791329 -0.192365 0.009008063 -0.9719965 -0.2348224 0.09207492 -0.9856454 -0.1415113 -0.1120744 -0.9838747 0.1393912 -0.06553216 -0.979133 0.1923645 -0.009007635 -0.9719967 0.2348221 -0.09207512 -0.9856454 0.1415109 0.7051198 0 0.7090882 0.7051197 0 0.7090883 0.7051198 0 0.7090882 0.7051199 0 0.7090881 -3.76356E-14 1 1.406594E-07 0 1 1.413642E-07 -1.205436E-16 1 1.413642E-07 0 1 1.41641E-07 2.713949E-16 1 1.413642E-07 0 1 1.413642E-07 -6.063714E-14 1 1.41641E-07 0 1 1.413642E-07 2.713949E-16 1 1.413642E-07 3.010848E-14 1 1.406594E-07 -1.205436E-16 1 1.413642E-07 0 1 1.413642E-07 0 -1.644701E-06 -1 1 -1.906144E-06 2.142384E-07 1 -1.747881E-06 1.004241E-07 1.61301E-07 -1.803576E-06 -1 -1 3.839125E-09 -1.606788E-07 -1 -1.544235E-07 -1.874587E-07 2.68835E-07 1.588754E-07 -1 1 -1.095233E-07 1.874588E-07 1 4.873944E-08 1.60679E-07 2.68835E-07 0 -1 -1 -1.792781E-06 -1.004246E-07 -1 -1.951044E-06 -2.142389E-07 1 0 0 1 0 0 1 0 0 1 0 0 1 0 0 1 0 0 1 0 0 1 0 0  
				<BiTangents>: 64 -0.8409609 0.02269945 0.5406196 -0.8399524 -0.0005472175 0.5426599 -0.8399814 4.076142E-08 0.5426152 -0.8409609 -0.02269955 0.5406196 -0.8399523 0.0005471298 0.5426598 -0.8399814 3.830351E-08 0.5426152 -0.8400099 -0.0005469031 -0.5425707 -0.8409607 -0.0226993 -0.5406199 -0.8399813 2.133233E-07 -0.5426154 -0.84001 0.0005472602 -0.5425706 -0.8409608 0.0226996 -0.5406197 -0.8399813 2.114733E-07 -0.5426154 -0.8521998 -0.0005276017 0.5232162 -0.8846526 -0.1006544 0.4552566 -0.900507 0.02984675 0.4338161 -0.8371782 0.02294419 0.5464487 -0.8521998 0.0005275233 0.5232163 -0.8846523 0.1006541 0.4552572 -0.9005066 -0.02984662 0.4338169 -0.8371782 -0.0229443 0.5464488 -0.8496125 -0.02212506 -0.5269432 -0.8852196 0.031928 -0.4640763 -0.9074247 0.09071528 -0.4103062 -0.8399304 -0.0005470284 -0.542694 -0.8496125 0.02212535 -0.5269432 -0.8852194 -0.03192778 -0.4640768 -0.9074243 -0.0907157 -0.4103069 -0.8399302 0.0005473866 -0.5426942 -0.7090882 0 0.7051198 -0.7090883 0 0.7051197 -0.7090882 0 0.7051198 -0.7090881 0 0.7051199 -2.675654E-07 -1.406594E-07 1 -1 0 0 -1 5.479542E-14 -3.884715E-07 0 -1.41641E-07 1 1 -5.352323E-14 3.766995E-07 1 0 0 -4.281046E-07 -1.41641E-07 1 -1 0 0 -1 5.352323E-14 -3.766995E-07 2.140523E-07 -1.406594E-07 1 1 -5.479542E-14 3.884715E-07 1 0 0 0 1 -1.644701E-06 1.906144E-06 1 1.550218E-07 1.747881E-06 1 1.550216E-07 2.909188E-13 1 -1.803576E-06 3.839101E-09 1 1.550214E-07 -1.544235E-07 1 1.550214E-07 -4.271128E-14 1 1.588754E-07 1.095232E-07 1 1.550214E-07 -4.873947E-08 1 1.550214E-07 0 1 0 -1.792781E-06 1 1.550212E-07 -1.951044E-06 1 1.55021E-07 0 -2.610554E-07 1 0 -2.610554E-07 1 0 -2.610554E-07 1 0 -2.610554E-07 1 0 0 1 0 0 1 0 0 1 0 0 1  
				<SubMeshes>: 1
					<SubMesh>: 0 102 0 1 2 3 4 5 6 7 8 9 10 11 12 13 14 13 12 15 16 17 18 17 16 19 20 21 22 21 20 23 24 25 26 25 24 27 28 29 30 28 30 31 32 33 34 33 32 35 36 35 32 35 36 37 38 39 40 39 38 41 42 41 38 41 42 43 44 45 46 45 44 47 48 47 44 47 48 49 50 51 52 51 50 53 54 53 50 53 54 55 56 57 58 57 56 59 60 61 62 61 60 63  
			</Mesh>
			<Materials>: 1
				<Material>: 0
					<AlbedoMap>: @Tex_Trap01
			</Materials>
			<Children>: 0
		</Frame>
		<Frame>: 3 0 Spear2
			<Transform>: -5 0 0 2.504478E-06 0 0 5 5 5 2.185569E-08 0 0 1  
			<TransformMatrix>: 5 0 0 0 0 5 2.185569E-07 0 0 -2.185569E-07 5 0 -5 0 0 1  
			<Mesh>: 64 Spear
				<Bounds>: 0 -0.4610021 -1.862645E-08 0.1289639 1.540578 0.08330876
				<Positions>: 64 -1.257929E-08 0.3600785 0.08330873 0.1289639 0.3600785 6.561641E-10 -3.789875E-14 1.079576 9.840421E-08 1.257925E-08 0.3600785 -0.08330877 -0.1289639 0.3600785 -3.828987E-08 -3.789875E-14 1.079576 9.840421E-08 -0.1289639 0.3600785 -3.828987E-08 -1.257929E-08 0.3600785 0.08330873 -3.789875E-14 1.079576 9.840421E-08 0.1289639 0.3600785 6.561641E-10 1.257925E-08 0.3600785 -0.08330877 -3.789875E-14 1.079576 9.840421E-08 0.1289639 0.3600785 6.561641E-10 -4.091265E-09 0.1315733 0.02709507 0.05683196 0.1315733 -4.746369E-08 -1.257929E-08 0.3600785 0.08330873 -0.1289639 0.3600785 -3.828987E-08 4.091244E-09 0.1315733 -0.02709524 -0.05683196 0.1315733 -6.462647E-08 1.257925E-08 0.3600785 -0.08330877 -1.257929E-08 0.3600785 0.08330873 -0.05683196 0.1315733 -6.462647E-08 -4.091265E-09 0.1315733 0.02709507 -0.1289639 0.3600785 -3.828987E-08 1.257925E-08 0.3600785 -0.08330877 0.05683196 0.1315733 -4.746369E-08 4.091244E-09 0.1315733 -0.02709524 0.1289639 0.3600785 6.561641E-10 -0.05026638 -2.00158 -5.776991E-07 2.296717E-07 -2.00158 -0.05055007 0.05026682 -2.00158 -5.62519E-07 2.144062E-07 -2.00158 0.0505489 -0.05026638 -2.00158 -5.776991E-07 2.296716E-07 -0.1502638 -0.0505498 2.296717E-07 -2.00158 -0.05055007 -0.05026638 -0.1502638 -3.31591E-07 2.144062E-07 -2.00158 0.0505489 2.144061E-07 -0.1502638 0.05054918 0.05026682 -2.00158 -5.62519E-07 2.144061E-07 -0.1502638 0.05054918 2.144062E-07 -2.00158 0.0505489 0.05026682 -0.1502638 -3.164109E-07 2.296717E-07 -2.00158 -0.05055007 2.296716E-07 -0.1502638 -0.0505498 0.07334609 -0.1524138 -3.132764E-07 2.110067E-07 0.1337233 0.07306271 2.110067E-07 -0.1524138 0.07306267 0.07334609 0.1337233 -2.666587E-07 2.330711E-07 -0.1524138 -0.07306329 2.330711E-07 0.1337233 -0.07306325 -0.07334565 -0.1524138 -3.354262E-07 2.330711E-07 0.1337233 -0.07306325 2.330711E-07 -0.1524138 -0.07306329 -0.07334565 0.1337233 -2.888085E-07 2.110067E-07 -0.1524138 0.07306267 2.110067E-07 0.1337233 0.07306271 2.110067E-07 -0.1524138 0.07306267 2.330711E-07 -0.1524138 -0.07306329 0.07334609 -0.1524138 -3.132764E-07 -0.07334565 -0.1524138 -3.354262E-07 2.110067E-07 0.1337233 0.07306271 2.330711E-07 0.1337233 -0.07306325 -0.07334565 0.1337233 -2.888085E-07 0.07334609 0.1337233 -2.666587E-07  
				<Colors>: 0  
				<TextureCoords0>: 64 0.9191372 0.387674 0.9191372 0.4595059 0.6590244 0.3876739 0.9191372 0.3876739 0.9191372 0.3158419 0.6590244 0.3876739 0.9191372 0.3158419 0.9191372 0.387674 0.6590244 0.3876739 0.9191372 0.4595059 0.9191372 0.3876739 0.6590244 0.3876739 0.9191372 0.4595059 0.9989467 0.3876739 0.9989467 0.4193289 0.9191372 0.387674 0.9191372 0.3158419 0.9989467 0.3876739 0.9989467 0.3560189 0.9191372 0.3876739 0.9191372 0.387674 0.9989467 0.3560189 0.9989467 0.3876739 0.9191372 0.3158419 0.9191372 0.3876739 0.9989467 0.4193289 0.9989467 0.3876739 0.9191372 0.4595059 0.4507526 0.7568424 0.4507526 0.7681783 0.4620885 0.7681783 0.4620885 0.7568424 0.004962665 0.797538 0.9979746 0.8411911 0.004962665 0.8411911 0.9979746 0.797538 0.004962665 0.7538846 0.9979746 0.7538846 0.004962665 0.797538 0.9979746 0.7538846 0.004962665 0.7538846 0.9979746 0.797538 0.004962665 0.8411911 0.9979746 0.8411911 0.9313427 0.7325454 0.8879787 0.6031192 0.8879786 0.7325454 0.9313426 0.6031191 0.9747066 0.7325454 0.9747066 0.6031191 0.9313427 0.7325454 0.9747066 0.6031191 0.9747066 0.7325454 0.9313426 0.6031191 0.8879786 0.7325454 0.8879787 0.6031192 0.8879786 0.7325454 0.9747066 0.7325454 0.9313427 0.7325454 0.9313427 0.7325454 0.8879786 0.7325454 0.9747066 0.7325454 0.9313427 0.7325454 0.9313427 0.7325454  
				<TextureCoords1>: 0  
				<Normals>: 64 0.5400668 0.09680233 0.8360366 0.5400669 0.09680232 0.8360365 0.5400669 0.09680232 0.8360365 -0.5400668 0.09680261 -0.8360366 -0.5400668 0.09680261 -0.8360366 -0.5400668 0.09680261 -0.8360366 -0.5400671 0.09680234 0.8360364 -0.5400671 0.09680234 0.8360364 -0.5400671 0.09680234 0.8360364 0.5400671 0.09680262 -0.8360364 0.540067 0.09680261 -0.8360364 0.5400671 0.09680261 -0.8360364 0.5136968 -0.1907321 0.8365027 0.4660149 -0.159823 0.8702222 0.4264345 -0.1346123 0.8944457 0.5313885 -0.2023652 0.8226023 -0.513697 -0.1907317 -0.8365027 -0.4660155 -0.1598229 -0.870222 -0.4264353 -0.1346123 -0.8944454 -0.5313885 -0.2023647 -0.8226024 -0.515362 -0.1774857 0.8383918 -0.4605342 -0.2006972 0.8646554 -0.4201182 -0.2167797 0.8811965 -0.5348263 -0.1688282 0.8279238 0.515362 -0.1774854 -0.8383919 0.4605346 -0.2006967 -0.8646552 0.4201189 -0.2167791 -0.8811963 0.5348265 -0.1688279 -0.8279238 0 -1 0 0 -1 0 0 -1 0 0 -1 0 -1 0 -2.675654E-07 0 1.413642E-07 -1 3.884715E-07 1.413642E-07 -1 -1 0 0 -3.766995E-07 -1.413642E-07 1 0 -1.413642E-07 1 1 0 4.281046E-07 0 -1.413642E-07 1 -3.766995E-07 -1.413642E-07 1 1 0 -2.140523E-07 3.884715E-07 1.413642E-07 -1 0 1.413642E-07 -1 1 0 0 -2.142386E-07 -1.550214E-07 1 -1.004244E-07 -1.550214E-07 1 1 0 1.613011E-07 1.606789E-07 1.550214E-07 -1 1.874587E-07 1.550214E-07 -1 -1 0 -2.688351E-07 1.874587E-07 1.550214E-07 -1 1.606789E-07 1.550214E-07 -1 -1 0 -2.688351E-07 -1.004244E-07 -1.550214E-07 1 -2.142386E-07 -1.550214E-07 1 0 -1 -2.610554E-07 0 -1 -2.610554E-07 0 -1 -2.610554E-07 0 -1 -2.610554E-07 0 1 0 0 1 0 0 1 0 0 1 0  
				<Tangents>: 64 0.03335567 -0.9950448 0.0936662 0.05298823 -0.9953035 0.08101381 0.05252638 -0.9953036 0.08131217 -0.03335574 -0.9950447 -0.09366649 -0.05298831 -0.9953035 -0.0810141 -0.0525266 -0.9953036 -0.08131238 -0.05206488 -0.9953035 0.0816103 -0.03335582 -0.9950448 0.09366611 -0.05252662 -0.9953036 0.08131204 0.05206473 -0.9953035 -0.08161074 0.03335571 -0.9950447 -0.0936665 0.05252641 -0.9953036 -0.08131251 -0.09935276 -0.981642 -0.1628129 0.01483119 -0.9820006 -0.1882943 -0.08509327 -0.9904487 -0.1084916 -0.1294561 -0.9790413 -0.1572234 0.09935265 -0.9816421 0.1628125 -0.01483089 -0.9820007 0.188294 0.08509326 -0.9904487 0.1084916 0.129456 -0.9790414 0.157223 0.1120743 -0.9838746 -0.1393916 0.06553208 -0.9791329 -0.192365 0.009008063 -0.9719965 -0.2348224 0.09207492 -0.9856454 -0.1415113 -0.1120744 -0.9838747 0.1393912 -0.06553216 -0.979133 0.1923645 -0.009007635 -0.9719967 0.2348221 -0.09207512 -0.9856454 0.1415109 0.7051198 0 0.7090882 0.7051197 0 0.7090883 0.7051198 0 0.7090882 0.7051199 0 0.7090881 -3.76356E-14 1 1.406594E-07 0 1 1.413642E-07 -1.205436E-16 1 1.413642E-07 0 1 1.41641E-07 2.713949E-16 1 1.413642E-07 0 1 1.413642E-07 -6.063714E-14 1 1.41641E-07 0 1 1.413642E-07 2.713949E-16 1 1.413642E-07 3.010848E-14 1 1.406594E-07 -1.205436E-16 1 1.413642E-07 0 1 1.413642E-07 0 -1.644701E-06 -1 1 -1.906144E-06 2.142384E-07 1 -1.747881E-06 1.004241E-07 1.61301E-07 -1.803576E-06 -1 -1 3.839125E-09 -1.606788E-07 -1 -1.544235E-07 -1.874587E-07 2.68835E-07 1.588754E-07 -1 1 -1.095233E-07 1.874588E-07 1 4.873944E-08 1.60679E-07 2.68835E-07 0 -1 -1 -1.792781E-06 -1.004246E-07 -1 -1.951044E-06 -2.142389E-07 1 0 0 1 0 0 1 0 0 1 0 0 1 0 0 1 0 0 1 0 0 1 0 0  
				<BiTangents>: 64 -0.8409609 0.02269945 0.5406196 -0.8399524 -0.0005472175 0.5426599 -0.8399814 4.076142E-08 0.5426152 -0.8409609 -0.02269955 0.5406196 -0.8399523 0.0005471298 0.5426598 -0.8399814 3.830351E-08 0.5426152 -0.8400099 -0.0005469031 -0.5425707 -0.8409607 -0.0226993 -0.5406199 -0.8399813 2.133233E-07 -0.5426154 -0.84001 0.0005472602 -0.5425706 -0.8409608 0.0226996 -0.5406197 -0.8399813 2.114733E-07 -0.5426154 -0.8521998 -0.0005276017 0.5232162 -0.8846526 -0.1006544 0.4552566 -0.900507 0.02984675 0.4338161 -0.8371782 0.02294419 0.5464487 -0.8521998 0.0005275233 0.5232163 -0.8846523 0.1006541 0.4552572 -0.9005066 -0.02984662 0.4338169 -0.8371782 -0.0229443 0.5464488 -0.8496125 -0.02212506 -0.5269432 -0.8852196 0.031928 -0.4640763 -0.9074247 0.09071528 -0.4103062 -0.8399304 -0.0005470284 -0.542694 -0.8496125 0.02212535 -0.5269432 -0.8852194 -0.03192778 -0.4640768 -0.9074243 -0.0907157 -0.4103069 -0.8399302 0.0005473866 -0.5426942 -0.7090882 0 0.7051198 -0.7090883 0 0.7051197 -0.7090882 0 0.7051198 -0.7090881 0 0.7051199 -2.675654E-07 -1.406594E-07 1 -1 0 0 -1 5.479542E-14 -3.884715E-07 0 -1.41641E-07 1 1 -5.352323E-14 3.766995E-07 1 0 0 -4.281046E-07 -1.41641E-07 1 -1 0 0 -1 5.352323E-14 -3.766995E-07 2.140523E-07 -1.406594E-07 1 1 -5.479542E-14 3.884715E-07 1 0 0 0 1 -1.644701E-06 1.906144E-06 1 1.550218E-07 1.747881E-06 1 1.550216E-07 2.909188E-13 1 -1.803576E-06 3.839101E-09 1 1.550214E-07 -1.544235E-07 1 1.550214E-07 -4.271128E-14 1 1.588754E-07 1.095232E-07 1 1.550214E-07 -4.873947E-08 1 1.550214E-07 0 1 0 -1.792781E-06 1 1.550212E-07 -1.951044E-06 1 1.55021E-07 0 -2.610554E-07 1 0 -2.610554E-07 1 0 -2.610554E-07 1 0 -2.610554E-07 1 0 0 1 0 0 1 0 0 1 0 0 1  
				<SubMeshes>: 1
					<SubMesh>: 0 102 0 1 2 3 4 5 6 7 8 9 10 11 12 13 14 13 12 15 16 17 18 17 16 19 20 21 22 21 20 23 24 25 26 25 24 27 28 29 30 28 30 31 32 33 34 33 32 35 36 35 32 35 36 37 38 39 40 39 38 41 42 41 38 41 42 43 44 45 46 45 44 47 48 47 44 47 48 49 50 51 52 51 50 53 54 53 50 53 54 55 56 57 58 57 56 59 60 61 62 61 60 63  
			</Mesh>
			<Materials>: 1
				<Material>: 0
					<AlbedoMap>: @Tex_Trap01
			</Materials>
			<Children>: 0
		</Frame>
		<Frame>: 4 0 Spear3
			<Transform>: 0 0 5 2.504478E-06 0 0 5 5 5 2.185569E-08 0 0 1  
			<TransformMatrix>: 5 0 0 0 0 5 2.185569E-07 0 0 -2.185569E-07 5 0 0 0 5 1  
			<Mesh>: 64 Spear
				<Bounds>: 0 -0.4610021 -1.862645E-08 0.1289639 1.540578 0.08330876
				<Positions>: 64 -1.257929E-08 0.3600785 0.08330873 0.1289639 0.3600785 6.561641E-10 -3.789875E-14 1.079576 9.840421E-08 1.257925E-08 0.3600785 -0.08330877 -0.1289639 0.3600785 -3.828987E-08 -3.789875E-14 1.079576 9.840421E-08 -0.1289639 0.3600785 -3.828987E-08 -1.257929E-08 0.3600785 0.08330873 -3.789875E-14 1.079576 9.840421E-08 0.1289639 0.3600785 6.561641E-10 1.257925E-08 0.3600785 -0.08330877 -3.789875E-14 1.079576 9.840421E-08 0.1289639 0.3600785 6.561641E-10 -4.091265E-09 0.1315733 0.02709507 0.05683196 0.1315733 -4.746369E-08 -1.257929E-08 0.3600785 0.08330873 -0.1289639 0.3600785 -3.828987E-08 4.091244E-09 0.1315733 -0.02709524 -0.05683196 0.1315733 -6.462647E-08 1.257925E-08 0.3600785 -0.08330877 -1.257929E-08 0.3600785 0.08330873 -0.05683196 0.1315733 -6.462647E-08 -4.091265E-09 0.1315733 0.02709507 -0.1289639 0.3600785 -3.828987E-08 1.257925E-08 0.3600785 -0.08330877 0.05683196 0.1315733 -4.746369E-08 4.091244E-09 0.1315733 -0.02709524 0.1289639 0.3600785 6.561641E-10 -0.05026638 -2.00158 -5.776991E-07 2.296717E-07 -2.00158 -0.05055007 0.05026682 -2.00158 -5.62519E-07 2.144062E-07 -2.00158 0.0505489 -0.05026638 -2.00158 -5.776991E-07 2.296716E-07 -0.1502638 -0.0505498 2.296717E-07 -2.00158 -0.05055007 -0.05026638 -0.1502638 -3.31591E-07 2.144062E-07 -2.00158 0.0505489 2.144061E-07 -0.1502638 0.05054918 0.05026682 -2.00158 -5.62519E-07 2.144061E-07 -0.1502638 0.05054918 2.144062E-07 -2.00158 0.0505489 0.05026682 -0.1502638 -3.164109E-07 2.296717E-07 -2.00158 -0.05055007 2.296716E-07 -0.1502638 -0.0505498 0.07334609 -0.1524138 -3.132764E-07 2.110067E-07 0.1337233 0.07306271 2.110067E-07 -0.1524138 0.07306267 0.07334609 0.1337233 -2.666587E-07 2.330711E-07 -0.1524138 -0.07306329 2.330711E-07 0.1337233 -0.07306325 -0.07334565 -0.1524138 -3.354262E-07 2.330711E-07 0.1337233 -0.07306325 2.330711E-07 -0.1524138 -0.07306329 -0.07334565 0.1337233 -2.888085E-07 2.110067E-07 -0.1524138 0.07306267 2.110067E-07 0.1337233 0.07306271 2.110067E-07 -0.1524138 0.07306267 2.330711E-07 -0.1524138 -0.07306329 0.07334609 -0.1524138 -3.132764E-07 -0.07334565 -0.1524138 -3.354262E-07 2.110067E-07 0.1337233 0.07306271 2.330711E-07 0.1337233 -0.07306325 -0.07334565 0.1337233 -2.888085E-07 0.07334609 0.1337233 -2.666587E-07  
				<Colors>: 0  
				<TextureCoords0>: 64 0.9191372 0.387674 0.9191372 0.4595059 0.6590244 0.3876739 0.9191372 0.3876739 0.9191372 0.3158419 0.6590244 0.3876739 0.9191372 0.3158419 0.9191372 0.387674 0.6590244 0.3876739 0.9191372 0.4595059 0.9191372 0.3876739 0.6590244 0.3876739 0.9191372 0.4595059 0.9989467 0.3876739 0.9989467 0.4193289 0.9191372 0.387674 0.9191372 0.3158419 0.9989467 0.3876739 0.9989467 0.3560189 0.9191372 0.3876739 0.9191372 0.387674 0.9989467 0.3560189 0.9989467 0.3876739 0.9191372 0.3158419 0.9191372 0.3876739 0.9989467 0.4193289 0.9989467 0.3876739 0.9191372 0.4595059 0.4507526 0.7568424 0.4507526 0.7681783 0.4620885 0.7681783 0.4620885 0.7568424 0.004962665 0.797538 0.9979746 0.8411911 0.004962665 0.8411911 0.9979746 0.797538 0.004962665 0.7538846 0.9979746 0.7538846 0.004962665 0.797538 0.9979746 0.7538846 0.004962665 0.7538846 0.9979746 0.797538 0.004962665 0.8411911 0.9979746 0.8411911 0.9313427 0.7325454 0.8879787 0.6031192 0.8879786 0.7325454 0.9313426 0.6031191 0.9747066 0.7325454 0.9747066 0.6031191 0.9313427 0.7325454 0.9747066 0.6031191 0.9747066 0.7325454 0.9313426 0.6031191 0.8879786 0.7325454 0.8879787 0.6031192 0.8879786 0.7325454 0.9747066 0.7325454 0.9313427 0.7325454 0.9313427 0.7325454 0.8879786 0.7325454 0.9747066 0.7325454 0.9313427 0.7325454 0.9313427 0.7325454  
				<TextureCoords1>: 0  
				<Normals>: 64 0.5400668 0.09680233 0.8360366 0.5400669 0.09680232 0.8360365 0.5400669 0.09680232 0.8360365 -0.5400668 0.09680261 -0.8360366 -0.5400668 0.09680261 -0.8360366 -0.5400668 0.09680261 -0.8360366 -0.5400671 0.09680234 0.8360364 -0.5400671 0.09680234 0.8360364 -0.5400671 0.09680234 0.8360364 0.5400671 0.09680262 -0.8360364 0.540067 0.09680261 -0.8360364 0.5400671 0.09680261 -0.8360364 0.5136968 -0.1907321 0.8365027 0.4660149 -0.159823 0.8702222 0.4264345 -0.1346123 0.8944457 0.5313885 -0.2023652 0.8226023 -0.513697 -0.1907317 -0.8365027 -0.4660155 -0.1598229 -0.870222 -0.4264353 -0.1346123 -0.8944454 -0.5313885 -0.2023647 -0.8226024 -0.515362 -0.1774857 0.8383918 -0.4605342 -0.2006972 0.8646554 -0.4201182 -0.2167797 0.8811965 -0.5348263 -0.1688282 0.8279238 0.515362 -0.1774854 -0.8383919 0.4605346 -0.2006967 -0.8646552 0.4201189 -0.2167791 -0.8811963 0.5348265 -0.1688279 -0.8279238 0 -1 0 0 -1 0 0 -1 0 0 -1 0 -1 0 -2.675654E-07 0 1.413642E-07 -1 3.884715E-07 1.413642E-07 -1 -1 0 0 -3.766995E-07 -1.413642E-07 1 0 -1.413642E-07 1 1 0 4.281046E-07 0 -1.413642E-07 1 -3.766995E-07 -1.413642E-07 1 1 0 -2.140523E-07 3.884715E-07 1.413642E-07 -1 0 1.413642E-07 -1 1 0 0 -2.142386E-07 -1.550214E-07 1 -1.004244E-07 -1.550214E-07 1 1 0 1.613011E-07 1.606789E-07 1.550214E-07 -1 1.874587E-07 1.550214E-07 -1 -1 0 -2.688351E-07 1.874587E-07 1.550214E-07 -1 1.606789E-07 1.550214E-07 -1 -1 0 -2.688351E-07 -1.004244E-07 -1.550214E-07 1 -2.142386E-07 -1.550214E-07 1 0 -1 -2.610554E-07 0 -1 -2.610554E-07 0 -1 -2.610554E-07 0 -1 -2.610554E-07 0 1 0 0 1 0 0 1 0 0 1 0  
				<Tangents>: 64 0.03335567 -0.9950448 0.0936662 0.05298823 -0.9953035 0.08101381 0.05252638 -0.9953036 0.08131217 -0.03335574 -0.9950447 -0.09366649 -0.05298831 -0.9953035 -0.0810141 -0.0525266 -0.9953036 -0.08131238 -0.05206488 -0.9953035 0.0816103 -0.03335582 -0.9950448 0.09366611 -0.05252662 -0.9953036 0.08131204 0.05206473 -0.9953035 -0.08161074 0.03335571 -0.9950447 -0.0936665 0.05252641 -0.9953036 -0.08131251 -0.09935276 -0.981642 -0.1628129 0.01483119 -0.9820006 -0.1882943 -0.08509327 -0.9904487 -0.1084916 -0.1294561 -0.9790413 -0.1572234 0.09935265 -0.9816421 0.1628125 -0.01483089 -0.9820007 0.188294 0.08509326 -0.9904487 0.1084916 0.129456 -0.9790414 0.157223 0.1120743 -0.9838746 -0.1393916 0.06553208 -0.9791329 -0.192365 0.009008063 -0.9719965 -0.2348224 0.09207492 -0.9856454 -0.1415113 -0.1120744 -0.9838747 0.1393912 -0.06553216 -0.979133 0.1923645 -0.009007635 -0.9719967 0.2348221 -0.09207512 -0.9856454 0.1415109 0.7051198 0 0.7090882 0.7051197 0 0.7090883 0.7051198 0 0.7090882 0.7051199 0 0.7090881 -3.76356E-14 1 1.406594E-07 0 1 1.413642E-07 -1.205436E-16 1 1.413642E-07 0 1 1.41641E-07 2.713949E-16 1 1.413642E-07 0 1 1.413642E-07 -6.063714E-14 1 1.41641E-07 0 1 1.413642E-07 2.713949E-16 1 1.413642E-07 3.010848E-14 1 1.406594E-07 -1.205436E-16 1 1.413642E-07 0 1 1.413642E-07 0 -1.644701E-06 -1 1 -1.906144E-06 2.142384E-07 1 -1.747881E-06 1.004241E-07 1.61301E-07 -1.803576E-06 -1 -1 3.839125E-09 -1.606788E-07 -1 -1.544235E-07 -1.874587E-07 2.68835E-07 1.588754E-07 -1 1 -1.095233E-07 1.874588E-07 1 4.873944E-08 1.60679E-07 2.68835E-07 0 -1 -1 -1.792781E-06 -1.004246E-07 -1 -1.951044E-06 -2.142389E-07 1 0 0 1 0 0 1 0 0 1 0 0 1 0 0 1 0 0 1 0 0 1 0 0  
				<BiTangents>: 64 -0.8409609 0.02269945 0.5406196 -0.8399524 -0.0005472175 0.5426599 -0.8399814 4.076142E-08 0.5426152 -0.8409609 -0.02269955 0.5406196 -0.8399523 0.0005471298 0.5426598 -0.8399814 3.830351E-08 0.5426152 -0.8400099 -0.0005469031 -0.5425707 -0.8409607 -0.0226993 -0.5406199 -0.8399813 2.133233E-07 -0.5426154 -0.84001 0.0005472602 -0.5425706 -0.8409608 0.0226996 -0.5406197 -0.8399813 2.114733E-07 -0.5426154 -0.8521998 -0.0005276017 0.5232162 -0.8846526 -0.1006544 0.4552566 -0.900507 0.02984675 0.4338161 -0.8371782 0.02294419 0.5464487 -0.8521998 0.0005275233 0.5232163 -0.8846523 0.1006541 0.4552572 -0.9005066 -0.02984662 0.4338169 -0.8371782 -0.0229443 0.5464488 -0.8496125 -0.02212506 -0.5269432 -0.8852196 0.031928 -0.4640763 -0.9074247 0.09071528 -0.4103062 -0.8399304 -0.0005470284 -0.542694 -0.8496125 0.02212535 -0.5269432 -0.8852194 -0.03192778 -0.4640768 -0.9074243 -0.0907157 -0.4103069 -0.8399302 0.0005473866 -0.5426942 -0.7090882 0 0.7051198 -0.7090883 0 0.7051197 -0.7090882 0 0.7051198 -0.7090881 0 0.7051199 -2.675654E-07 -1.406594E-07 1 -1 0 0 -1 5.479542E-14 -3.884715E-07 0 -1.41641E-07 1 1 -5.352323E-14 3.766995E-07 1 0 0 -4.281046E-07 -1.41641E-07 1 -1 0 0 -1 5.352323E-14 -3.766995E-07 2.140523E-07 -1.406594E-07 1 1 -5.479542E-14 3.884715E-07 1 0 0 0 1 -1.644701E-06 1.906144E-06 1 1.550218E-07 1.747881E-06 1 1.550216E-07 2.909188E-13 1 -1.803576E-06 3.839101E-09 1 1.550214E-07 -1.544235E-07 1 1.550214E-07 -4.271128E-14 1 1.588754E-07 1.095232E-07 1 1.550214E-07 -4.873947E-08 1 1.550214E-07 0 1 0 -1.792781E-06 1 1.550212E-07 -1.951044E-06 1 1.55021E-07 0 -2.610554E-07 1 0 -2.610554E-07 1 0 -2.610554E-07 1 0 -2.610554E-07 1 0 0 1 0 0 1 0 0 1 0 0 1  
				<SubMeshes>: 1
					<SubMesh>: 0 102 0 1 2 3 4 5 6 7 8 9 10 11 12 13 14 13 12 15 16 17 18 17 16 19 20 21 22 21 20 23 24 25 26 25 24 27 28 29 30 28 30 31 32 33 34 33 32 35 36 35 32 35 36 37 38 39 40 39 38 41 42 41 38 41 42 43 44 45 46 45 44 47 48 47 44 47 48 49 50 51 52 51 50 53 54 53 50 53 54 55 56 57 58 57 56 59 60 61 62 61 60 63  
			</Mesh>
			<Materials>: 1
				<Material>: 0
					<AlbedoMap>: @Tex_Trap01
			</Materials>
			<Children>: 0
		</Frame>
		<Frame>: 5 0 Spear4
			<Transform>: 0 0 -5 2.504478E-06 0 0 5 5 5 2.185569E-08 0 0 1  
			<TransformMatrix>: 5 0 0 0 0 5 2.185569E-07 0 0 -2.185569E-07 5 0 0 0 -5 1  
			<Mesh>: 64 Spear
				<Bounds>: 0 -0.4610021 -1.862645E-08 0.1289639 1.540578 0.08330876
				<Positions>: 64 -1.257929E-08 0.3600785 0.08330873 0.1289639 0.3600785 6.561641E-10 -3.789875E-14 1.079576 9.840421E-08 1.257925E-08 0.3600785 -0.08330877 -0.1289639 0.3600785 -3.828987E-08 -3.789875E-14 1.079576 9.840421E-08 -0.1289639 0.3600785 -3.828987E-08 -1.257929E-08 0.3600785 0.08330873 -3.789875E-14 1.079576 9.840421E-08 0.1289639 0.3600785 6.561641E-10 1.257925E-08 0.3600785 -0.08330877 -3.789875E-14 1.079576 9.840421E-08 0.1289639 0.3600785 6.561641E-10 -4.091265E-09 0.1315733 0.02709507 0.05683196 0.1315733 -4.746369E-08 -1.257929E-08 0.3600785 0.08330873 -0.1289639 0.3600785 -3.828987E-08 4.091244E-09 0.1315733 -0.02709524 -0.05683196 0.1315733 -6.462647E-08 1.257925E-08 0.3600785 -0.08330877 -1.257929E-08 0.3600785 0.08330873 -0.05683196 0.1315733 -6.462647E-08 -4.091265E-09 0.1315733 0.02709507 -0.1289639 0.3600785 -3.828987E-08 1.257925E-08 0.3600785 -0.08330877 0.05683196 0.1315733 -4.746369E-08 4.091244E-09 0.1315733 -0.02709524 0.1289639 0.3600785 6.561641E-10 -0.05026638 -2.00158 -5.776991E-07 2.296717E-07 -2.00158 -0.05055007 0.05026682 -2.00158 -5.62519E-07 2.144062E-07 -2.00158 0.0505489 -0.05026638 -2.00158 -5.776991E-07 2.296716E-07 -0.1502638 -0.0505498 2.296717E-07 -2.00158 -0.05055007 -0.05026638 -0.1502638 -3.31591E-07 2.144062E-07 -2.00158 0.0505489 2.144061E-07 -0.1502638 0.05054918 0.05026682 -2.00158 -5.62519E-07 2.144061E-07 -0.1502638 0.05054918 2.144062E-07 -2.00158 0.0505489 0.05026682 -0.1502638 -3.164109E-07 2.296717E-07 -2.00158 -0.05055007 2.296716E-07 -0.1502638 -0.0505498 0.07334609 -0.1524138 -3.132764E-07 2.110067E-07 0.1337233 0.07306271 2.110067E-07 -0.1524138 0.07306267 0.07334609 0.1337233 -2.666587E-07 2.330711E-07 -0.1524138 -0.07306329 2.330711E-07 0.1337233 -0.07306325 -0.07334565 -0.1524138 -3.354262E-07 2.330711E-07 0.1337233 -0.07306325 2.330711E-07 -0.1524138 -0.07306329 -0.07334565 0.1337233 -2.888085E-07 2.110067E-07 -0.1524138 0.07306267 2.110067E-07 0.1337233 0.07306271 2.110067E-07 -0.1524138 0.07306267 2.330711E-07 -0.1524138 -0.07306329 0.07334609 -0.1524138 -3.132764E-07 -0.07334565 -0.1524138 -3.354262E-07 2.110067E-07 0.1337233 0.07306271 2.330711E-07 0.1337233 -0.07306325 -0.07334565 0.1337233 -2.888085E-07 0.07334609 0.1337233 -2.666587E-07  
				<Colors>: 0  
				<TextureCoords0>: 64 0.9191372 0.387674 0.9191372 0.4595059 0.6590244 0.3876739 0.9191372 0.3876739 0.9191372 0.3158419 0.6590244 0.3876739 0.9191372 0.3158419 0.9191372 0.387674 0.6590244 0.3876739 0.9191372 0.4595059 0.9191372 0.3876739 0.6590244 0.3876739 0.9191372 0.4595059 0.9989467 0.3876739 0.9989467 0.4193289 0.9191372 0.387674 0.9191372 0.3158419 0.9989467 0.3876739 0.9989467 0.3560189 0.9191372 0.3876739 0.9191372 0.387674 0.9989467 0.3560189 0.9989467 0.3876739 0.9191372 0.3158419 0.9191372 0.3876739 0.9989467 0.4193289 0.9989467 0.3876739 0.9191372 0.4595059 0.4507526 0.7568424 0.4507526 0.7681783 0.4620885 0.7681783 0.4620885 0.7568424 0.004962665 0.797538 0.9979746 0.8411911 0.004962665 0.8411911 0.9979746 0.797538 0.004962665 0.7538846 0.9979746 0.7538846 0.004962665 0.797538 0.9979746 0.7538846 0.004962665 0.7538846 0.9979746 0.797538 0.004962665 0.8411911 0.9979746 0.8411911 0.9313427 0.7325454 0.8879787 0.6031192 0.8879786 0.7325454 0.9313426 0.6031191 0.9747066 0.7325454 0.9747066 0.6031191 0.9313427 0.7325454 0.9747066 0.6031191 0.9747066 0.7325454 0.9313426 0.6031191 0.8879786 0.7325454 0.8879787 0.6031192 0.8879786 0.7325454 0.9747066 0.7325454 0.9313427 0.7325454 0.9313427 0.7325454 0.8879786 0.7325454 0.9747066 0.7325454 0.9313427 0.7325454 0.9313427 0.7325454  
				<TextureCoords1>: 0  
				<Normals>: 64 0.5400668 0.09680233 0.8360366 0.5400669 0.09680232 0.8360365 0.5400669 0.09680232 0.8360365 -0.5400668 0.09680261 -0.8360366 -0.5400668 0.09680261 -0.8360366 -0.5400668 0.09680261 -0.8360366 -0.5400671 0.09680234 0.8360364 -0.5400671 0.09680234 0.8360364 -0.5400671 0.09680234 0.8360364 0.5400671 0.09680262 -0.8360364 0.540067 0.09680261 -0.8360364 0.5400671 0.09680261 -0.8360364 0.5136968 -0.1907321 0.8365027 0.4660149 -0.159823 0.8702222 0.4264345 -0.1346123 0.8944457 0.5313885 -0.2023652 0.8226023 -0.513697 -0.1907317 -0.8365027 -0.4660155 -0.1598229 -0.870222 -0.4264353 -0.1346123 -0.8944454 -0.5313885 -0.2023647 -0.8226024 -0.515362 -0.1774857 0.8383918 -0.4605342 -0.2006972 0.8646554 -0.4201182 -0.2167797 0.8811965 -0.5348263 -0.1688282 0.8279238 0.515362 -0.1774854 -0.8383919 0.4605346 -0.2006967 -0.8646552 0.4201189 -0.2167791 -0.8811963 0.5348265 -0.1688279 -0.8279238 0 -1 0 0 -1 0 0 -1 0 0 -1 0 -1 0 -2.675654E-07 0 1.413642E-07 -1 3.884715E-07 1.413642E-07 -1 -1 0 0 -3.766995E-07 -1.413642E-07 1 0 -1.413642E-07 1 1 0 4.281046E-07 0 -1.413642E-07 1 -3.766995E-07 -1.413642E-07 1 1 0 -2.140523E-07 3.884715E-07 1.413642E-07 -1 0 1.413642E-07 -1 1 0 0 -2.142386E-07 -1.550214E-07 1 -1.004244E-07 -1.550214E-07 1 1 0 1.613011E-07 1.606789E-07 1.550214E-07 -1 1.874587E-07 1.550214E-07 -1 -1 0 -2.688351E-07 1.874587E-07 1.550214E-07 -1 1.606789E-07 1.550214E-07 -1 -1 0 -2.688351E-07 -1.004244E-07 -1.550214E-07 1 -2.142386E-07 -1.550214E-07 1 0 -1 -2.610554E-07 0 -1 -2.610554E-07 0 -1 -2.610554E-07 0 -1 -2.610554E-07 0 1 0 0 1 0 0 1 0 0 1 0  
				<Tangents>: 64 0.03335567 -0.9950448 0.0936662 0.05298823 -0.9953035 0.08101381 0.05252638 -0.9953036 0.08131217 -0.03335574 -0.9950447 -0.09366649 -0.05298831 -0.9953035 -0.0810141 -0.0525266 -0.9953036 -0.08131238 -0.05206488 -0.9953035 0.0816103 -0.03335582 -0.9950448 0.09366611 -0.05252662 -0.9953036 0.08131204 0.05206473 -0.9953035 -0.08161074 0.03335571 -0.9950447 -0.0936665 0.05252641 -0.9953036 -0.08131251 -0.09935276 -0.981642 -0.1628129 0.01483119 -0.9820006 -0.1882943 -0.08509327 -0.9904487 -0.1084916 -0.1294561 -0.9790413 -0.1572234 0.09935265 -0.9816421 0.1628125 -0.01483089 -0.9820007 0.188294 0.08509326 -0.9904487 0.1084916 0.129456 -0.9790414 0.157223 0.1120743 -0.9838746 -0.1393916 0.06553208 -0.9791329 -0.192365 0.009008063 -0.9719965 -0.2348224 0.09207492 -0.9856454 -0.1415113 -0.1120744 -0.9838747 0.1393912 -0.06553216 -0.979133 0.1923645 -0.009007635 -0.9719967 0.2348221 -0.09207512 -0.9856454 0.1415109 0.7051198 0 0.7090882 0.7051197 0 0.7090883 0.7051198 0 0.7090882 0.7051199 0 0.7090881 -3.76356E-14 1 1.406594E-07 0 1 1.413642E-07 -1.205436E-16 1 1.413642E-07 0 1 1.41641E-07 2.713949E-16 1 1.413642E-07 0 1 1.413642E-07 -6.063714E-14 1 1.41641E-07 0 1 1.413642E-07 2.713949E-16 1 1.413642E-07 3.010848E-14 1 1.406594E-07 -1.205436E-16 1 1.413642E-07 0 1 1.413642E-07 0 -1.644701E-06 -1 1 -1.906144E-06 2.142384E-07 1 -1.747881E-06 1.004241E-07 1.61301E-07 -1.803576E-06 -1 -1 3.839125E-09 -1.606788E-07 -1 -1.544235E-07 -1.874587E-07 2.68835E-07 1.588754E-07 -1 1 -1.095233E-07 1.874588E-07 1 4.873944E-08 1.60679E-07 2.68835E-07 0 -1 -1 -1.792781E-06 -1.004246E-07 -1 -1.951044E-06 -2.142389E-07 1 0 0 1 0 0 1 0 0 1 0 0 1 0 0 1 0 0 1 0 0 1 0 0  
				<BiTangents>: 64 -0.8409609 0.02269945 0.5406196 -0.8399524 -0.0005472175 0.5426599 -0.8399814 4.076142E-08 0.5426152 -0.8409609 -0.02269955 0.5406196 -0.8399523 0.0005471298 0.5426598 -0.8399814 3.830351E-08 0.5426152 -0.8400099 -0.0005469031 -0.5425707 -0.8409607 -0.0226993 -0.5406199 -0.8399813 2.133233E-07 -0.5426154 -0.84001 0.0005472602 -0.5425706 -0.8409608 0.0226996 -0.5406197 -0.8399813 2.114733E-07 -0.5426154 -0.8521998 -0.0005276017 0.5232162 -0.8846526 -0.1006544 0.4552566 -0.900507 0.02984675 0.4338161 -0.8371782 0.02294419 0.5464487 -0.8521998 0.0005275233 0.5232163 -0.8846523 0.1006541 0.4552572 -0.9005066 -0.02984662 0.4338169 -0.8371782 -0.0229443 0.5464488 -0.8496125 -0.02212506 -0.5269432 -0.8852196 0.031928 -0.4640763 -0.9074247 0.09071528 -0.4103062 -0.8399304 -0.0005470284 -0.542694 -0.8496125 0.02212535 -0.5269432 -0.8852194 -0.03192778 -0.4640768 -0.9074243 -0.0907157 -0.4103069 -0.8399302 0.0005473866 -0.5426942 -0.7090882 0 0.7051198 -0.7090883 0 0.7051197 -0.7090882 0 0.7051198 -0.7090881 0 0.7051199 -2.675654E-07 -1.406594E-07 1 -1 0 0 -1 5.479542E-14 -3.884715E-07 0 -1.41641E-07 1 1 -5.352323E-14 3.766995E-07 1 0 0 -4.281046E-07 -1.41641E-07 1 -1 0 0 -1 5.352323E-14 -3.766995E-07 2.140523E-07 -1.406594E-07 1 1 -5.479542E-14 3.884715E-07 1 0 0 0 1 -1.644701E-06 1.906144E-06 1 1.550218E-07 1.747881E-06 1 1.550216E-07 2.909188E-13 1 -1.803576E-06 3.839101E-09 1 1.550214E-07 -1.544235E-07 1 1.550214E-07 -4.271128E-14 1 1.588754E-07 1.095232E-07 1 1.550214E-07 -4.873947E-08 1 1.550214E-07 0 1 0 -1.792781E-06 1 1.550212E-07 -1.951044E-06 1 1.55021E-07 0 -2.610554E-07 1 0 -2.610554E-07 1 0 -2.610554E-07 1 0 -2.610554E-07 1 0 0 1 0 0 1 0 0 1 0 0 1  
				<SubMeshes>: 1
					<SubMesh>: 0 102 0 1 2 3 4 5 6 7 8 9 10 11 12 13 14 13 12 15 16 17 18 17 16 19 20 21 22 21 20 23 24 25 26 25 24 27 28 29 30 28 30 31 32 33 34 33 32 35 36 35 32 35 36 37 38 39 40 39 38 41 42 41 38 41 42 43 44 45 46 45 44 47 48 47 44 47 48 49 50 51 52 51 50 53 54 53 50 53 54 55 56 57 58 57 56 59 60 61 62 61 60 63  
			</Mesh>
			<Materials>: 1
				<Material>: 0
					<AlbedoMap>: @Tex_Trap01
			</Materials>
			<Children>: 0
		</Frame>
		<Frame>: 6 0 Spear5
			<Transform>: 5 0 5 2.504478E-06 0 0 5 5 5 2.185569E-08 0 0 1  
			<TransformMatrix>: 5 0 0 0 0 5 2.185569E-07 0 0 -2.185569E-07 5 0 5 0 5 1  
			<Mesh>: 64 Spear
				<Bounds>: 0 -0.4610021 -1.862645E-08 0.1289639 1.540578 0.08330876
				<Positions>: 64 -1.257929E-08 0.3600785 0.08330873 0.1289639 0.3600785 6.561641E-10 -3.789875E-14 1.079576 9.840421E-08 1.257925E-08 0.3600785 -0.08330877 -0.1289639 0.3600785 -3.828987E-08 -3.789875E-14 1.079576 9.840421E-08 -0.1289639 0.3600785 -3.828987E-08 -1.257929E-08 0.3600785 0.08330873 -3.789875E-14 1.079576 9.840421E-08 0.1289639 0.3600785 6.561641E-10 1.257925E-08 0.3600785 -0.08330877 -3.789875E-14 1.079576 9.840421E-08 0.1289639 0.3600785 6.561641E-10 -4.091265E-09 0.1315733 0.02709507 0.05683196 0.1315733 -4.746369E-08 -1.257929E-08 0.3600785 0.08330873 -0.1289639 0.3600785 -3.828987E-08 4.091244E-09 0.1315733 -0.02709524 -0.05683196 0.1315733 -6.462647E-08 1.257925E-08 0.3600785 -0.08330877 -1.257929E-08 0.3600785 0.08330873 -0.05683196 0.1315733 -6.462647E-08 -4.091265E-09 0.1315733 0.02709507 -0.1289639 0.3600785 -3.828987E-08 1.257925E-08 0.3600785 -0.08330877 0.05683196 0.1315733 -4.746369E-08 4.091244E-09 0.1315733 -0.02709524 0.1289639 0.3600785 6.561641E-10 -0.05026638 -2.00158 -5.776991E-07 2.296717E-07 -2.00158 -0.05055007 0.05026682 -2.00158 -5.62519E-07 2.144062E-07 -2.00158 0.0505489 -0.05026638 -2.00158 -5.776991E-07 2.296716E-07 -0.1502638 -0.0505498 2.296717E-07 -2.00158 -0.05055007 -0.05026638 -0.1502638 -3.31591E-07 2.144062E-07 -2.00158 0.0505489 2.144061E-07 -0.1502638 0.05054918 0.05026682 -2.00158 -5.62519E-07 2.144061E-07 -0.1502638 0.05054918 2.144062E-07 -2.00158 0.0505489 0.05026682 -0.1502638 -3.164109E-07 2.296717E-07 -2.00158 -0.05055007 2.296716E-07 -0.1502638 -0.0505498 0.07334609 -0.1524138 -3.132764E-07 2.110067E-07 0.1337233 0.07306271 2.110067E-07 -0.1524138 0.07306267 0.07334609 0.1337233 -2.666587E-07 2.330711E-07 -0.1524138 -0.07306329 2.330711E-07 0.1337233 -0.07306325 -0.07334565 -0.1524138 -3.354262E-07 2.330711E-07 0.1337233 -0.07306325 2.330711E-07 -0.1524138 -0.07306329 -0.07334565 0.1337233 -2.888085E-07 2.110067E-07 -0.1524138 0.07306267 2.110067E-07 0.1337233 0.07306271 2.110067E-07 -0.1524138 0.07306267 2.330711E-07 -0.1524138 -0.07306329 0.07334609 -0.1524138 -3.132764E-07 -0.07334565 -0.1524138 -3.354262E-07 2.110067E-07 0.1337233 0.07306271 2.330711E-07 0.1337233 -0.07306325 -0.07334565 0.1337233 -2.888085E-07 0.07334609 0.1337233 -2.666587E-07  
				<Colors>: 0  
				<TextureCoords0>: 64 0.9191372 0.387674 0.9191372 0.4595059 0.6590244 0.3876739 0.9191372 0.3876739 0.9191372 0.3158419 0.6590244 0.3876739 0.9191372 0.3158419 0.9191372 0.387674 0.6590244 0.3876739 0.9191372 0.4595059 0.9191372 0.3876739 0.6590244 0.3876739 0.9191372 0.4595059 0.9989467 0.3876739 0.9989467 0.4193289 0.9191372 0.387674 0.9191372 0.3158419 0.9989467 0.3876739 0.9989467 0.3560189 0.9191372 0.3876739 0.9191372 0.387674 0.9989467 0.3560189 0.9989467 0.3876739 0.9191372 0.3158419 0.9191372 0.3876739 0.9989467 0.4193289 0.9989467 0.3876739 0.9191372 0.4595059 0.4507526 0.7568424 0.4507526 0.7681783 0.4620885 0.7681783 0.4620885 0.7568424 0.004962665 0.797538 0.9979746 0.8411911 0.004962665 0.8411911 0.9979746 0.797538 0.004962665 0.7538846 0.9979746 0.7538846 0.004962665 0.797538 0.9979746 0.7538846 0.004962665 0.7538846 0.9979746 0.797538 0.004962665 0.8411911 0.9979746 0.8411911 0.9313427 0.7325454 0.8879787 0.6031192 0.8879786 0.7325454 0.9313426 0.6031191 0.9747066 0.7325454 0.9747066 0.6031191 0.9313427 0.7325454 0.9747066 0.6031191 0.9747066 0.7325454 0.9313426 0.6031191 0.8879786 0.7325454 0.8879787 0.6031192 0.8879786 0.7325454 0.9747066 0.7325454 0.9313427 0.7325454 0.9313427 0.7325454 0.8879786 0.7325454 0.9747066 0.7325454 0.9313427 0.7325454 0.9313427 0.7325454  
				<TextureCoords1>: 0  
				<Normals>: 64 0.5400668 0.09680233 0.8360366 0.5400669 0.09680232 0.8360365 0.5400669 0.09680232 0.8360365 -0.5400668 0.09680261 -0.8360366 -0.5400668 0.09680261 -0.8360366 -0.5400668 0.09680261 -0.8360366 -0.5400671 0.09680234 0.8360364 -0.5400671 0.09680234 0.8360364 -0.5400671 0.09680234 0.8360364 0.5400671 0.09680262 -0.8360364 0.540067 0.09680261 -0.8360364 0.5400671 0.09680261 -0.8360364 0.5136968 -0.1907321 0.8365027 0.4660149 -0.159823 0.8702222 0.4264345 -0.1346123 0.8944457 0.5313885 -0.2023652 0.8226023 -0.513697 -0.1907317 -0.8365027 -0.4660155 -0.1598229 -0.870222 -0.4264353 -0.1346123 -0.8944454 -0.5313885 -0.2023647 -0.8226024 -0.515362 -0.1774857 0.8383918 -0.4605342 -0.2006972 0.8646554 -0.4201182 -0.2167797 0.8811965 -0.5348263 -0.1688282 0.8279238 0.515362 -0.1774854 -0.8383919 0.4605346 -0.2006967 -0.8646552 0.4201189 -0.2167791 -0.8811963 0.5348265 -0.1688279 -0.8279238 0 -1 0 0 -1 0 0 -1 0 0 -1 0 -1 0 -2.675654E-07 0 1.413642E-07 -1 3.884715E-07 1.413642E-07 -1 -1 0 0 -3.766995E-07 -1.413642E-07 1 0 -1.413642E-07 1 1 0 4.281046E-07 0 -1.413642E-07 1 -3.766995E-07 -1.413642E-07 1 1 0 -2.140523E-07 3.884715E-07 1.413642E-07 -1 0 1.413642E-07 -1 1 0 0 -2.142386E-07 -1.550214E-07 1 -1.004244E-07 -1.550214E-07 1 1 0 1.613011E-07 1.606789E-07 1.550214E-07 -1 1.874587E-07 1.550214E-07 -1 -1 0 -2.688351E-07 1.874587E-07 1.550214E-07 -1 1.606789E-07 1.550214E-07 -1 -1 0 -2.688351E-07 -1.004244E-07 -1.550214E-07 1 -2.142386E-07 -1.550214E-07 1 0 -1 -2.610554E-07 0 -1 -2.610554E-07 0 -1 -2.610554E-07 0 -1 -2.610554E-07 0 1 0 0 1 0 0 1 0 0 1 0  
				<Tangents>: 64 0.03335567 -0.9950448 0.0936662 0.05298823 -0.9953035 0.08101381 0.05252638 -0.9953036 0.08131217 -0.03335574 -0.9950447 -0.09366649 -0.05298831 -0.9953035 -0.0810141 -0.0525266 -0.9953036 -0.08131238 -0.05206488 -0.9953035 0.0816103 -0.03335582 -0.9950448 0.09366611 -0.05252662 -0.9953036 0.08131204 0.05206473 -0.9953035 -0.08161074 0.03335571 -0.9950447 -0.0936665 0.05252641 -0.9953036 -0.08131251 -0.09935276 -0.981642 -0.1628129 0.01483119 -0.9820006 -0.1882943 -0.08509327 -0.9904487 -0.1084916 -0.1294561 -0.9790413 -0.1572234 0.09935265 -0.9816421 0.1628125 -0.01483089 -0.9820007 0.188294 0.08509326 -0.9904487 0.1084916 0.129456 -0.9790414 0.157223 0.1120743 -0.9838746 -0.1393916 0.06553208 -0.9791329 -0.192365 0.009008063 -0.9719965 -0.2348224 0.09207492 -0.9856454 -0.1415113 -0.1120744 -0.9838747 0.1393912 -0.06553216 -0.979133 0.1923645 -0.009007635 -0.9719967 0.2348221 -0.09207512 -0.9856454 0.1415109 0.7051198 0 0.7090882 0.7051197 0 0.7090883 0.7051198 0 0.7090882 0.7051199 0 0.7090881 -3.76356E-14 1 1.406594E-07 0 1 1.413642E-07 -1.205436E-16 1 1.413642E-07 0 1 1.41641E-07 2.713949E-16 1 1.413642E-07 0 1 1.413642E-07 -6.063714E-14 1 1.41641E-07 0 1 1.413642E-07 2.713949E-16 1 1.413642E-07 3.010848E-14 1 1.406594E-07 -1.205436E-16 1 1.413642E-07 0 1 1.413642E-07 0 -1.644701E-06 -1 1 -1.906144E-06 2.142384E-07 1 -1.747881E-06 1.004241E-07 1.61301E-07 -1.803576E-06 -1 -1 3.839125E-09 -1.606788E-07 -1 -1.544235E-07 -1.874587E-07 2.68835E-07 1.588754E-07 -1 1 -1.095233E-07 1.874588E-07 1 4.873944E-08 1.60679E-07 2.68835E-07 0 -1 -1 -1.792781E-06 -1.004246E-07 -1 -1.951044E-06 -2.142389E-07 1 0 0 1 0 0 1 0 0 1 0 0 1 0 0 1 0 0 1 0 0 1 0 0  
				<BiTangents>: 64 -0.8409609 0.02269945 0.5406196 -0.8399524 -0.0005472175 0.5426599 -0.8399814 4.076142E-08 0.5426152 -0.8409609 -0.02269955 0.5406196 -0.8399523 0.0005471298 0.5426598 -0.8399814 3.830351E-08 0.5426152 -0.8400099 -0.0005469031 -0.5425707 -0.8409607 -0.0226993 -0.5406199 -0.8399813 2.133233E-07 -0.5426154 -0.84001 0.0005472602 -0.5425706 -0.8409608 0.0226996 -0.5406197 -0.8399813 2.114733E-07 -0.5426154 -0.8521998 -0.0005276017 0.5232162 -0.8846526 -0.1006544 0.4552566 -0.900507 0.02984675 0.4338161 -0.8371782 0.02294419 0.5464487 -0.8521998 0.0005275233 0.5232163 -0.8846523 0.1006541 0.4552572 -0.9005066 -0.02984662 0.4338169 -0.8371782 -0.0229443 0.5464488 -0.8496125 -0.02212506 -0.5269432 -0.8852196 0.031928 -0.4640763 -0.9074247 0.09071528 -0.4103062 -0.8399304 -0.0005470284 -0.542694 -0.8496125 0.02212535 -0.5269432 -0.8852194 -0.03192778 -0.4640768 -0.9074243 -0.0907157 -0.4103069 -0.8399302 0.0005473866 -0.5426942 -0.7090882 0 0.7051198 -0.7090883 0 0.7051197 -0.7090882 0 0.7051198 -0.7090881 0 0.7051199 -2.675654E-07 -1.406594E-07 1 -1 0 0 -1 5.479542E-14 -3.884715E-07 0 -1.41641E-07 1 1 -5.352323E-14 3.766995E-07 1 0 0 -4.281046E-07 -1.41641E-07 1 -1 0 0 -1 5.352323E-14 -3.766995E-07 2.140523E-07 -1.406594E-07 1 1 -5.479542E-14 3.884715E-07 1 0 0 0 1 -1.644701E-06 1.906144E-06 1 1.550218E-07 1.747881E-06 1 1.550216E-07 2.909188E-13 1 -1.803576E-06 3.839101E-09 1 1.550214E-07 -1.544235E-07 1 1.550214E-07 -4.271128E-14 1 1.588754E-07 1.095232E-07 1 1.550214E-07 -4.873947E-08 1 1.550214E-07 0 1 0 -1.792781E-06 1 1.550212E-07 -1.951044E-06 1 1.55021E-07 0 -2.610554E-07 1 0 -2.610554E-07 1 0 -2.610554E-07 1 0 -2.610554E-07 1 0 0 1 0 0 1 0 0 1 0 0 1  
				<SubMeshes>: 1
					<SubMesh>: 0 102 0 1 2 3 4 5 6 7 8 9 10 11 12 13 14 13 12 15 16 17 18 17 16 19 20 21 22 21 20 23 24 25 26 25 24 27 28 29 30 28 30 31 32 33 34 33 32 35 36 35 32 35 36 37 38 39 40 39 38 41 42 41 38 41 42 43 44 45 46 45 44 47 48 47 44 47 48 49 50 51 52 51 50 53 54 53 50 53 54 55 56 57 58 57 56 59 60 61 62 61 60 63  
			</Mesh>
			<Materials>: 1
				<Material>: 0
					<AlbedoMap>: @Tex_Trap01
			</Materials>
			<Children>: 0
		</Frame>
		<Frame>: 7 0 Spear6
			<Transform>: -5 0 5 2.504478E-06 0 0 5 5 5 2.185569E-08 0 0 1  
			<TransformMatrix>: 5 0 0 0 0 5 2.185569E-07 0 0 -2.185569E-07 5 0 -5 0 5 1  
			<Mesh>: 64 Spear
				<Bounds>: 0 -0.4610021 -1.862645E-08 0.1289639 1.540578 0.08330876
				<Positions>: 64 -1.257929E-08 0.3600785 0.08330873 0.1289639 0.3600785 6.561641E-10 -3.789875E-14 1.079576 9.840421E-08 1.257925E-08 0.3600785 -0.08330877 -0.1289639 0.3600785 -3.828987E-08 -3.789875E-14 1.079576 9.840421E-08 -0.1289639 0.3600785 -3.828987E-08 -1.257929E-08 0.3600785 0.08330873 -3.789875E-14 1.079576 9.840421E-08 0.1289639 0.3600785 6.561641E-10 1.257925E-08 0.3600785 -0.08330877 -3.789875E-14 1.079576 9.840421E-08 0.1289639 0.3600785 6.561641E-10 -4.091265E-09 0.1315733 0.02709507 0.05683196 0.1315733 -4.746369E-08 -1.257929E-08 0.3600785 0.08330873 -0.1289639 0.3600785 -3.828987E-08 4.091244E-09 0.1315733 -0.02709524 -0.05683196 0.1315733 -6.462647E-08 1.257925E-08 0.3600785 -0.08330877 -1.257929E-08 0.3600785 0.08330873 -0.05683196 0.1315733 -6.462647E-08 -4.091265E-09 0.1315733 0.02709507 -0.1289639 0.3600785 -3.828987E-08 1.257925E-08 0.3600785 -0.08330877 0.05683196 0.1315733 -4.746369E-08 4.091244E-09 0.1315733 -0.02709524 0.1289639 0.3600785 6.561641E-10 -0.05026638 -2.00158 -5.776991E-07 2.296717E-07 -2.00158 -0.05055007 0.05026682 -2.00158 -5.62519E-07 2.144062E-07 -2.00158 0.0505489 -0.05026638 -2.00158 -5.776991E-07 2.296716E-07 -0.1502638 -0.0505498 2.296717E-07 -2.00158 -0.05055007 -0.05026638 -0.1502638 -3.31591E-07 2.144062E-07 -2.00158 0.0505489 2.144061E-07 -0.1502638 0.05054918 0.05026682 -2.00158 -5.62519E-07 2.144061E-07 -0.1502638 0.05054918 2.144062E-07 -2.00158 0.0505489 0.05026682 -0.1502638 -3.164109E-07 2.296717E-07 -2.00158 -0.05055007 2.296716E-07 -0.1502638 -0.0505498 0.07334609 -0.1524138 -3.132764E-07 2.110067E-07 0.1337233 0.07306271 2.110067E-07 -0.1524138 0.07306267 0.07334609 0.1337233 -2.666587E-07 2.330711E-07 -0.1524138 -0.07306329 2.330711E-07 0.1337233 -0.07306325 -0.07334565 -0.1524138 -3.354262E-07 2.330711E-07 0.1337233 -0.07306325 2.330711E-07 -0.1524138 -0.07306329 -0.07334565 0.1337233 -2.888085E-07 2.110067E-07 -0.1524138 0.07306267 2.110067E-07 0.1337233 0.07306271 2.110067E-07 -0.1524138 0.07306267 2.330711E-07 -0.1524138 -0.07306329 0.07334609 -0.1524138 -3.132764E-07 -0.07334565 -0.1524138 -3.354262E-07 2.110067E-07 0.1337233 0.07306271 2.330711E-07 0.1337233 -0.07306325 -0.07334565 0.1337233 -2.888085E-07 0.07334609 0.1337233 -2.666587E-07  
				<Colors>: 0  
				<TextureCoords0>: 64 0.9191372 0.387674 0.9191372 0.4595059 0.6590244 0.3876739 0.9191372 0.3876739 0.9191372 0.3158419 0.6590244 0.3876739 0.9191372 0.3158419 0.9191372 0.387674 0.6590244 0.3876739 0.9191372 0.4595059 0.9191372 0.3876739 0.6590244 0.3876739 0.9191372 0.4595059 0.9989467 0.3876739 0.9989467 0.4193289 0.9191372 0.387674 0.9191372 0.3158419 0.9989467 0.3876739 0.9989467 0.3560189 0.9191372 0.3876739 0.9191372 0.387674 0.9989467 0.3560189 0.9989467 0.3876739 0.9191372 0.3158419 0.9191372 0.3876739 0.9989467 0.4193289 0.9989467 0.3876739 0.9191372 0.4595059 0.4507526 0.7568424 0.4507526 0.7681783 0.4620885 0.7681783 0.4620885 0.7568424 0.004962665 0.797538 0.9979746 0.8411911 0.004962665 0.8411911 0.9979746 0.797538 0.004962665 0.7538846 0.9979746 0.7538846 0.004962665 0.797538 0.9979746 0.7538846 0.004962665 0.7538846 0.9979746 0.797538 0.004962665 0.8411911 0.9979746 0.8411911 0.9313427 0.7325454 0.8879787 0.6031192 0.8879786 0.7325454 0.9313426 0.6031191 0.9747066 0.7325454 0.9747066 0.6031191 0.9313427 0.7325454 0.9747066 0.6031191 0.9747066 0.7325454 0.9313426 0.6031191 0.8879786 0.7325454 0.8879787 0.6031192 0.8879786 0.7325454 0.9747066 0.7325454 0.9313427 0.7325454 0.9313427 0.7325454 0.8879786 0.7325454 0.9747066 0.7325454 0.9313427 0.7325454 0.9313427 0.7325454  
				<TextureCoords1>: 0  
				<Normals>: 64 0.5400668 0.09680233 0.8360366 0.5400669 0.09680232 0.8360365 0.5400669 0.09680232 0.8360365 -0.5400668 0.09680261 -0.8360366 -0.5400668 0.09680261 -0.8360366 -0.5400668 0.09680261 -0.8360366 -0.5400671 0.09680234 0.8360364 -0.5400671 0.09680234 0.8360364 -0.5400671 0.09680234 0.8360364 0.5400671 0.09680262 -0.8360364 0.540067 0.09680261 -0.8360364 0.5400671 0.09680261 -0.8360364 0.5136968 -0.1907321 0.8365027 0.4660149 -0.159823 0.8702222 0.4264345 -0.1346123 0.8944457 0.5313885 -0.2023652 0.8226023 -0.513697 -0.1907317 -0.8365027 -0.4660155 -0.1598229 -0.870222 -0.4264353 -0.1346123 -0.8944454 -0.5313885 -0.2023647 -0.8226024 -0.515362 -0.1774857 0.8383918 -0.4605342 -0.2006972 0.8646554 -0.4201182 -0.2167797 0.8811965 -0.5348263 -0.1688282 0.8279238 0.515362 -0.1774854 -0.8383919 0.4605346 -0.2006967 -0.8646552 0.4201189 -0.2167791 -0.8811963 0.5348265 -0.1688279 -0.8279238 0 -1 0 0 -1 0 0 -1 0 0 -1 0 -1 0 -2.675654E-07 0 1.413642E-07 -1 3.884715E-07 1.413642E-07 -1 -1 0 0 -3.766995E-07 -1.413642E-07 1 0 -1.413642E-07 1 1 0 4.281046E-07 0 -1.413642E-07 1 -3.766995E-07 -1.413642E-07 1 1 0 -2.140523E-07 3.884715E-07 1.413642E-07 -1 0 1.413642E-07 -1 1 0 0 -2.142386E-07 -1.550214E-07 1 -1.004244E-07 -1.550214E-07 1 1 0 1.613011E-07 1.606789E-07 1.550214E-07 -1 1.874587E-07 1.550214E-07 -1 -1 0 -2.688351E-07 1.874587E-07 1.550214E-07 -1 1.606789E-07 1.550214E-07 -1 -1 0 -2.688351E-07 -1.004244E-07 -1.550214E-07 1 -2.142386E-07 -1.550214E-07 1 0 -1 -2.610554E-07 0 -1 -2.610554E-07 0 -1 -2.610554E-07 0 -1 -2.610554E-07 0 1 0 0 1 0 0 1 0 0 1 0  
				<Tangents>: 64 0.03335567 -0.9950448 0.0936662 0.05298823 -0.9953035 0.08101381 0.05252638 -0.9953036 0.08131217 -0.03335574 -0.9950447 -0.09366649 -0.05298831 -0.9953035 -0.0810141 -0.0525266 -0.9953036 -0.08131238 -0.05206488 -0.9953035 0.0816103 -0.03335582 -0.9950448 0.09366611 -0.05252662 -0.9953036 0.08131204 0.05206473 -0.9953035 -0.08161074 0.03335571 -0.9950447 -0.0936665 0.05252641 -0.9953036 -0.08131251 -0.09935276 -0.981642 -0.1628129 0.01483119 -0.9820006 -0.1882943 -0.08509327 -0.9904487 -0.1084916 -0.1294561 -0.9790413 -0.1572234 0.09935265 -0.9816421 0.1628125 -0.01483089 -0.9820007 0.188294 0.08509326 -0.9904487 0.1084916 0.129456 -0.9790414 0.157223 0.1120743 -0.9838746 -0.1393916 0.06553208 -0.9791329 -0.192365 0.009008063 -0.9719965 -0.2348224 0.09207492 -0.9856454 -0.1415113 -0.1120744 -0.9838747 0.1393912 -0.06553216 -0.979133 0.1923645 -0.009007635 -0.9719967 0.2348221 -0.09207512 -0.9856454 0.1415109 0.7051198 0 0.7090882 0.7051197 0 0.7090883 0.7051198 0 0.7090882 0.7051199 0 0.7090881 -3.76356E-14 1 1.406594E-07 0 1 1.413642E-07 -1.205436E-16 1 1.413642E-07 0 1 1.41641E-07 2.713949E-16 1 1.413642E-07 0 1 1.413642E-07 -6.063714E-14 1 1.41641E-07 0 1 1.413642E-07 2.713949E-16 1 1.413642E-07 3.010848E-14 1 1.406594E-07 -1.205436E-16 1 1.413642E-07 0 1 1.413642E-07 0 -1.644701E-06 -1 1 -1.906144E-06 2.142384E-07 1 -1.747881E-06 1.004241E-07 1.61301E-07 -1.803576E-06 -1 -1 3.839125E-09 -1.606788E-07 -1 -1.544235E-07 -1.874587E-07 2.68835E-07 1.588754E-07 -1 1 -1.095233E-07 1.874588E-07 1 4.873944E-08 1.60679E-07 2.68835E-07 0 -1 -1 -1.792781E-06 -1.004246E-07 -1 -1.951044E-06 -2.142389E-07 1 0 0 1 0 0 1 0 0 1 0 0 1 0 0 1 0 0 1 0 0 1 0 0  
				<BiTangents>: 64 -0.8409609 0.02269945 0.5406196 -0.8399524 -0.0005472175 0.5426599 -0.8399814 4.076142E-08 0.5426152 -0.8409609 -0.02269955 0.5406196 -0.8399523 0.0005471298 0.5426598 -0.8399814 3.830351E-08 0.5426152 -0.8400099 -0.0005469031 -0.5425707 -0.8409607 -0.0226993 -0.5406199 -0.8399813 2.133233E-07 -0.5426154 -0.84001 0.0005472602 -0.5425706 -0.8409608 0.0226996 -0.5406197 -0.8399813 2.114733E-07 -0.5426154 -0.8521998 -0.0005276017 0.5232162 -0.8846526 -0.1006544 0.4552566 -0.900507 0.02984675 0.4338161 -0.8371782 0.02294419 0.5464487 -0.8521998 0.0005275233 0.5232163 -0.8846523 0.1006541 0.4552572 -0.9005066 -0.02984662 0.4338169 -0.8371782 -0.0229443 0.5464488 -0.8496125 -0.02212506 -0.5269432 -0.8852196 0.031928 -0.4640763 -0.9074247 0.09071528 -0.4103062 -0.8399304 -0.0005470284 -0.542694 -0.8496125 0.02212535 -0.5269432 -0.8852194 -0.03192778 -0.4640768 -0.9074243 -0.0907157 -0.4103069 -0.8399302 0.0005473866 -0.5426942 -0.7090882 0 0.7051198 -0.7090883 0 0.7051197 -0.7090882 0 0.7051198 -0.7090881 0 0.7051199 -2.675654E-07 -1.406594E-07 1 -1 0 0 -1 5.479542E-14 -3.884715E-07 0 -1.41641E-07 1 1 -5.352323E-14 3.766995E-07 1 0 0 -4.281046E-07 -1.41641E-07 1 -1 0 0 -1 5.352323E-14 -3.766995E-07 2.140523E-07 -1.406594E-07 1 1 -5.479542E-14 3.884715E-07 1 0 0 0 1 -1.644701E-06 1.906144E-06 1 1.550218E-07 1.747881E-06 1 1.550216E-07 2.909188E-13 1 -1.803576E-06 3.839101E-09 1 1.550214E-07 -1.544235E-07 1 1.550214E-07 -4.271128E-14 1 1.588754E-07 1.095232E-07 1 1.550214E-07 -4.873947E-08 1 1.550214E-07 0 1 0 -1.792781E-06 1 1.550212E-07 -1.951044E-06 1 1.55021E-07 0 -2.610554E-07 1 0 -2.610554E-07 1 0 -2.610554E-07 1 0 -2.610554E-07 1 0 0 1 0 0 1 0 0 1 0 0 1  
				<SubMeshes>: 1
					<SubMesh>: 0 102 0 1 2 3 4 5 6 7 8 9 10 11 12 13 14 13 12 15 16 17 18 17 16 19 20 21 22 21 20 23 24 25 26 25 24 27 28 29 30 28 30 31 32 33 34 33 32 35 36 35 32 35 36 37 38 39 40 39 38 41 42 41 38 41 42 43 44 45 46 45 44 47 48 47 44 47 48 49 50 51 52 51 50 53 54 53 50 53 54 55 56 57 58 57 56 59 60 61 62 61 60 63  
			</Mesh>
			<Materials>: 1
				<Material>: 0
					<AlbedoMap>: @Tex_Trap01
			</Materials>
			<Children>: 0
		</Frame>
		<Frame>: 8 0 Spear7
			<Transform>: 5 0 -5 2.504478E-06 0 0 5 5 5 2.185569E-08 0 0 1  
			<TransformMatrix>: 5 0 0 0 0 5 2.185569E-07 0 0 -2.185569E-07 5 0 5 0 -5 1  
			<Mesh>: 64 Spear
				<Bounds>: 0 -0.4610021 -1.862645E-08 0.1289639 1.540578 0.08330876
				<Positions>: 64 -1.257929E-08 0.3600785 0.08330873 0.1289639 0.3600785 6.561641E-10 -3.789875E-14 1.079576 9.840421E-08 1.257925E-08 0.3600785 -0.08330877 -0.1289639 0.3600785 -3.828987E-08 -3.789875E-14 1.079576 9.840421E-08 -0.1289639 0.3600785 -3.828987E-08 -1.257929E-08 0.3600785 0.08330873 -3.789875E-14 1.079576 9.840421E-08 0.1289639 0.3600785 6.561641E-10 1.257925E-08 0.3600785 -0.08330877 -3.789875E-14 1.079576 9.840421E-08 0.1289639 0.3600785 6.561641E-10 -4.091265E-09 0.1315733 0.02709507 0.05683196 0.1315733 -4.746369E-08 -1.257929E-08 0.3600785 0.08330873 -0.1289639 0.3600785 -3.828987E-08 4.091244E-09 0.1315733 -0.02709524 -0.05683196 0.1315733 -6.462647E-08 1.257925E-08 0.3600785 -0.08330877 -1.257929E-08 0.3600785 0.08330873 -0.05683196 0.1315733 -6.462647E-08 -4.091265E-09 0.1315733 0.02709507 -0.1289639 0.3600785 -3.828987E-08 1.257925E-08 0.3600785 -0.08330877 0.05683196 0.1315733 -4.746369E-08 4.091244E-09 0.1315733 -0.02709524 0.1289639 0.3600785 6.561641E-10 -0.05026638 -2.00158 -5.776991E-07 2.296717E-07 -2.00158 -0.05055007 0.05026682 -2.00158 -5.62519E-07 2.144062E-07 -2.00158 0.0505489 -0.05026638 -2.00158 -5.776991E-07 2.296716E-07 -0.1502638 -0.0505498 2.296717E-07 -2.00158 -0.05055007 -0.05026638 -0.1502638 -3.31591E-07 2.144062E-07 -2.00158 0.0505489 2.144061E-07 -0.1502638 0.05054918 0.05026682 -2.00158 -5.62519E-07 2.144061E-07 -0.1502638 0.05054918 2.144062E-07 -2.00158 0.0505489 0.05026682 -0.1502638 -3.164109E-07 2.296717E-07 -2.00158 -0.05055007 2.296716E-07 -0.1502638 -0.0505498 0.07334609 -0.1524138 -3.132764E-07 2.110067E-07 0.1337233 0.07306271 2.110067E-07 -0.1524138 0.07306267 0.07334609 0.1337233 -2.666587E-07 2.330711E-07 -0.1524138 -0.07306329 2.330711E-07 0.1337233 -0.07306325 -0.07334565 -0.1524138 -3.354262E-07 2.330711E-07 0.1337233 -0.07306325 2.330711E-07 -0.1524138 -0.07306329 -0.07334565 0.1337233 -2.888085E-07 2.110067E-07 -0.1524138 0.07306267 2.110067E-07 0.1337233 0.07306271 2.110067E-07 -0.1524138 0.07306267 2.330711E-07 -0.1524138 -0.07306329 0.07334609 -0.1524138 -3.132764E-07 -0.07334565 -0.1524138 -3.354262E-07 2.110067E-07 0.1337233 0.07306271 2.330711E-07 0.1337233 -0.07306325 -0.07334565 0.1337233 -2.888085E-07 0.07334609 0.1337233 -2.666587E-07  
				<Colors>: 0  
				<TextureCoords0>: 64 0.9191372 0.387674 0.9191372 0.4595059 0.6590244 0.3876739 0.9191372 0.3876739 0.9191372 0.3158419 0.6590244 0.3876739 0.9191372 0.3158419 0.9191372 0.387674 0.6590244 0.3876739 0.9191372 0.4595059 0.9191372 0.3876739 0.6590244 0.3876739 0.9191372 0.4595059 0.9989467 0.3876739 0.9989467 0.4193289 0.9191372 0.387674 0.9191372 0.3158419 0.9989467 0.3876739 0.9989467 0.3560189 0.9191372 0.3876739 0.9191372 0.387674 0.9989467 0.3560189 0.9989467 0.3876739 0.9191372 0.3158419 0.9191372 0.3876739 0.9989467 0.4193289 0.9989467 0.3876739 0.9191372 0.4595059 0.4507526 0.7568424 0.4507526 0.7681783 0.4620885 0.7681783 0.4620885 0.7568424 0.004962665 0.797538 0.9979746 0.8411911 0.004962665 0.8411911 0.9979746 0.797538 0.004962665 0.7538846 0.9979746 0.7538846 0.004962665 0.797538 0.9979746 0.7538846 0.004962665 0.7538846 0.9979746 0.797538 0.004962665 0.8411911 0.9979746 0.8411911 0.9313427 0.7325454 0.8879787 0.6031192 0.8879786 0.7325454 0.9313426 0.6031191 0.9747066 0.7325454 0.9747066 0.6031191 0.9313427 0.7325454 0.9747066 0.6031191 0.9747066 0.7325454 0.9313426 0.6031191 0.8879786 0.7325454 0.8879787 0.6031192 0.8879786 0.7325454 0.9747066 0.7325454 0.9313427 0.7325454 0.9313427 0.7325454 0.8879786 0.7325454 0.9747066 0.7325454 0.9313427 0.7325454 0.9313427 0.7325454  
				<TextureCoords1>: 0  
				<Normals>: 64 0.5400668 0.09680233 0.8360366 0.5400669 0.09680232 0.8360365 0.5400669 0.09680232 0.8360365 -0.5400668 0.09680261 -0.8360366 -0.5400668 0.09680261 -0.8360366 -0.5400668 0.09680261 -0.8360366 -0.5400671 0.09680234 0.8360364 -0.5400671 0.09680234 0.8360364 -0.5400671 0.09680234 0.8360364 0.5400671 0.09680262 -0.8360364 0.540067 0.09680261 -0.8360364 0.5400671 0.09680261 -0.8360364 0.5136968 -0.1907321 0.8365027 0.4660149 -0.159823 0.8702222 0.4264345 -0.1346123 0.8944457 0.5313885 -0.2023652 0.8226023 -0.513697 -0.1907317 -0.8365027 -0.4660155 -0.1598229 -0.870222 -0.4264353 -0.1346123 -0.8944454 -0.5313885 -0.2023647 -0.8226024 -0.515362 -0.1774857 0.8383918 -0.4605342 -0.2006972 0.8646554 -0.4201182 -0.2167797 0.8811965 -0.5348263 -0.1688282 0.8279238 0.515362 -0.1774854 -0.8383919 0.4605346 -0.2006967 -0.8646552 0.4201189 -0.2167791 -0.8811963 0.5348265 -0.1688279 -0.8279238 0 -1 0 0 -1 0 0 -1 0 0 -1 0 -1 0 -2.675654E-07 0 1.413642E-07 -1 3.884715E-07 1.413642E-07 -1 -1 0 0 -3.766995E-07 -1.413642E-07 1 0 -1.413642E-07 1 1 0 4.281046E-07 0 -1.413642E-07 1 -3.766995E-07 -1.413642E-07 1 1 0 -2.140523E-07 3.884715E-07 1.413642E-07 -1 0 1.413642E-07 -1 1 0 0 -2.142386E-07 -1.550214E-07 1 -1.004244E-07 -1.550214E-07 1 1 0 1.613011E-07 1.606789E-07 1.550214E-07 -1 1.874587E-07 1.550214E-07 -1 -1 0 -2.688351E-07 1.874587E-07 1.550214E-07 -1 1.606789E-07 1.550214E-07 -1 -1 0 -2.688351E-07 -1.004244E-07 -1.550214E-07 1 -2.142386E-07 -1.550214E-07 1 0 -1 -2.610554E-07 0 -1 -2.610554E-07 0 -1 -2.610554E-07 0 -1 -2.610554E-07 0 1 0 0 1 0 0 1 0 0 1 0  
				<Tangents>: 64 0.03335567 -0.9950448 0.0936662 0.05298823 -0.9953035 0.08101381 0.05252638 -0.9953036 0.08131217 -0.03335574 -0.9950447 -0.09366649 -0.05298831 -0.9953035 -0.0810141 -0.0525266 -0.9953036 -0.08131238 -0.05206488 -0.9953035 0.0816103 -0.03335582 -0.9950448 0.09366611 -0.05252662 -0.9953036 0.08131204 0.05206473 -0.9953035 -0.08161074 0.03335571 -0.9950447 -0.0936665 0.05252641 -0.9953036 -0.08131251 -0.09935276 -0.981642 -0.1628129 0.01483119 -0.9820006 -0.1882943 -0.08509327 -0.9904487 -0.1084916 -0.1294561 -0.9790413 -0.1572234 0.09935265 -0.9816421 0.1628125 -0.01483089 -0.9820007 0.188294 0.08509326 -0.9904487 0.1084916 0.129456 -0.9790414 0.157223 0.1120743 -0.9838746 -0.1393916 0.06553208 -0.9791329 -0.192365 0.009008063 -0.9719965 -0.2348224 0.09207492 -0.9856454 -0.1415113 -0.1120744 -0.9838747 0.1393912 -0.06553216 -0.979133 0.1923645 -0.009007635 -0.9719967 0.2348221 -0.09207512 -0.9856454 0.1415109 0.7051198 0 0.7090882 0.7051197 0 0.7090883 0.7051198 0 0.7090882 0.7051199 0 0.7090881 -3.76356E-14 1 1.406594E-07 0 1 1.413642E-07 -1.205436E-16 1 1.413642E-07 0 1 1.41641E-07 2.713949E-16 1 1.413642E-07 0 1 1.413642E-07 -6.063714E-14 1 1.41641E-07 0 1 1.413642E-07 2.713949E-16 1 1.413642E-07 3.010848E-14 1 1.406594E-07 -1.205436E-16 1 1.413642E-07 0 1 1.413642E-07 0 -1.644701E-06 -1 1 -1.906144E-06 2.142384E-07 1 -1.747881E-06 1.004241E-07 1.61301E-07 -1.803576E-06 -1 -1 3.839125E-09 -1.606788E-07 -1 -1.544235E-07 -1.874587E-07 2.68835E-07 1.588754E-07 -1 1 -1.095233E-07 1.874588E-07 1 4.873944E-08 1.60679E-07 2.68835E-07 0 -1 -1 -1.792781E-06 -1.004246E-07 -1 -1.951044E-06 -2.142389E-07 1 0 0 1 0 0 1 0 0 1 0 0 1 0 0 1 0 0 1 0 0 1 0 0  
				<BiTangents>: 64 -0.8409609 0.02269945 0.5406196 -0.8399524 -0.0005472175 0.5426599 -0.8399814 4.076142E-08 0.5426152 -0.8409609 -0.02269955 0.5406196 -0.8399523 0.0005471298 0.5426598 -0.8399814 3.830351E-08 0.5426152 -0.8400099 -0.0005469031 -0.5425707 -0.8409607 -0.0226993 -0.5406199 -0.8399813 2.133233E-07 -0.5426154 -0.84001 0.0005472602 -0.5425706 -0.8409608 0.0226996 -0.5406197 -0.8399813 2.114733E-07 -0.5426154 -0.8521998 -0.0005276017 0.5232162 -0.8846526 -0.1006544 0.4552566 -0.900507 0.02984675 0.4338161 -0.8371782 0.02294419 0.5464487 -0.8521998 0.0005275233 0.5232163 -0.8846523 0.1006541 0.4552572 -0.9005066 -0.02984662 0.4338169 -0.8371782 -0.0229443 0.5464488 -0.8496125 -0.02212506 -0.5269432 -0.8852196 0.031928 -0.4640763 -0.9074247 0.09071528 -0.4103062 -0.8399304 -0.0005470284 -0.542694 -0.8496125 0.02212535 -0.5269432 -0.8852194 -0.03192778 -0.4640768 -0.9074243 -0.0907157 -0.4103069 -0.8399302 0.0005473866 -0.5426942 -0.7090882 0 0.7051198 -0.7090883 0 0.7051197 -0.7090882 0 0.7051198 -0.7090881 0 0.7051199 -2.675654E-07 -1.406594E-07 1 -1 0 0 -1 5.479542E-14 -3.884715E-07 0 -1.41641E-07 1 1 -5.352323E-14 3.766995E-07 1 0 0 -4.281046E-07 -1.41641E-07 1 -1 0 0 -1 5.352323E-14 -3.766995E-07 2.140523E-07 -1.406594E-07 1 1 -5.479542E-14 3.884715E-07 1 0 0 0 1 -1.644701E-06 1.906144E-06 1 1.550218E-07 1.747881E-06 1 1.550216E-07 2.909188E-13 1 -1.803576E-06 3.839101E-09 1 1.550214E-07 -1.544235E-07 1 1.550214E-07 -4.271128E-14 1 1.588754E-07 1.095232E-07 1 1.550214E-07 -4.873947E-08 1 1.550214E-07 0 1 0 -1.792781E-06 1 1.550212E-07 -1.951044E-06 1 1.55021E-07 0 -2.610554E-07 1 0 -2.610554E-07 1 0 -2.610554E-07 1 0 -2.610554E-07 1 0 0 1 0 0 1 0 0 1 0 0 1  
				<SubMeshes>: 1
					<SubMesh>: 0 102 0 1 2 3 4 5 6 7 8 9 10 11 12 13 14 13 12 15 16 17 18 17 16 19 20 21 22 21 20 23 24 25 26 25 24 27 28 29 30 28 30 31 32 33 34 33 32 35 36 35 32 35 36 37 38 39 40 39 38 41 42 41 38 41 42 43 44 45 46 45 44 47 48 47 44 47 48 49 50 51 52 51 50 53 54 53 50 53 54 55 56 57 58 57 56 59 60 61 62 61 60 63  
			</Mesh>
			<Materials>: 1
				<Material>: 0
					<AlbedoMap>: @Tex_Trap01
			</Materials>
			<Children>: 0
		</Frame>
		<Frame>: 9 0 Spear8
			<Transform>: -5 0 -5 2.504478E-06 0 0 5 5 5 2.185569E-08 0 0 1  
			<TransformMatrix>: 5 0 0 0 0 5 2.185569E-07 0 0 -2.185569E-07 5 0 -5 0 -5 1  
			<Mesh>: 64 Spear
				<Bounds>: 0 -0.4610021 -1.862645E-08 0.1289639 1.540578 0.08330876
				<Positions>: 64 -1.257929E-08 0.3600785 0.08330873 0.1289639 0.3600785 6.561641E-10 -3.789875E-14 1.079576 9.840421E-08 1.257925E-08 0.3600785 -0.08330877 -0.1289639 0.3600785 -3.828987E-08 -3.789875E-14 1.079576 9.840421E-08 -0.1289639 0.3600785 -3.828987E-08 -1.257929E-08 0.3600785 0.08330873 -3.789875E-14 1.079576 9.840421E-08 0.1289639 0.3600785 6.561641E-10 1.257925E-08 0.3600785 -0.08330877 -3.789875E-14 1.079576 9.840421E-08 0.1289639 0.3600785 6.561641E-10 -4.091265E-09 0.1315733 0.02709507 0.05683196 0.1315733 -4.746369E-08 -1.257929E-08 0.3600785 0.08330873 -0.1289639 0.3600785 -3.828987E-08 4.091244E-09 0.1315733 -0.02709524 -0.05683196 0.1315733 -6.462647E-08 1.257925E-08 0.3600785 -0.08330877 -1.257929E-08 0.3600785 0.08330873 -0.05683196 0.1315733 -6.462647E-08 -4.091265E-09 0.1315733 0.02709507 -0.1289639 0.3600785 -3.828987E-08 1.257925E-08 0.3600785 -0.08330877 0.05683196 0.1315733 -4.746369E-08 4.091244E-09 0.1315733 -0.02709524 0.1289639 0.3600785 6.561641E-10 -0.05026638 -2.00158 -5.776991E-07 2.296717E-07 -2.00158 -0.05055007 0.05026682 -2.00158 -5.62519E-07 2.144062E-07 -2.00158 0.0505489 -0.05026638 -2.00158 -5.776991E-07 2.296716E-07 -0.1502638 -0.0505498 2.296717E-07 -2.00158 -0.05055007 -0.05026638 -0.1502638 -3.31591E-07 2.144062E-07 -2.00158 0.0505489 2.144061E-07 -0.1502638 0.05054918 0.05026682 -2.00158 -5.62519E-07 2.144061E-07 -0.1502638 0.05054918 2.144062E-07 -2.00158 0.0505489 0.05026682 -0.1502638 -3.164109E-07 2.296717E-07 -2.00158 -0.05055007 2.296716E-07 -0.1502638 -0.0505498 0.07334609 -0.1524138 -3.132764E-07 2.110067E-07 0.1337233 0.07306271 2.110067E-07 -0.1524138 0.07306267 0.07334609 0.1337233 -2.666587E-07 2.330711E-07 -0.1524138 -0.07306329 2.330711E-07 0.1337233 -0.07306325 -0.07334565 -0.1524138 -3.354262E-07 2.330711E-07 0.1337233 -0.07306325 2.330711E-07 -0.1524138 -0.07306329 -0.07334565 0.1337233 -2.888085E-07 2.110067E-07 -0.1524138 0.07306267 2.110067E-07 0.1337233 0.07306271 2.110067E-07 -0.1524138 0.07306267 2.330711E-07 -0.1524138 -0.07306329 0.07334609 -0.1524138 -3.132764E-07 -0.07334565 -0.1524138 -3.354262E-07 2.110067E-07 0.1337233 0.07306271 2.330711E-07 0.1337233 -0.07306325 -0.07334565 0.1337233 -2.888085E-07 0.07334609 0.1337233 -2.666587E-07  
				<Colors>: 0  
				<TextureCoords0>: 64 0.9191372 0.387674 0.9191372 0.4595059 0.6590244 0.3876739 0.9191372 0.3876739 0.9191372 0.3158419 0.6590244 0.3876739 0.9191372 0.3158419 0.9191372 0.387674 0.6590244 0.3876739 0.9191372 0.4595059 0.9191372 0.3876739 0.6590244 0.3876739 0.9191372 0.4595059 0.9989467 0.3876739 0.9989467 0.4193289 0.9191372 0.387674 0.9191372 0.3158419 0.9989467 0.3876739 0.9989467 0.3560189 0.9191372 0.3876739 0.9191372 0.387674 0.9989467 0.3560189 0.9989467 0.3876739 0.9191372 0.3158419 0.9191372 0.3876739 0.9989467 0.4193289 0.9989467 0.3876739 0.9191372 0.4595059 0.4507526 0.7568424 0.4507526 0.7681783 0.4620885 0.7681783 0.4620885 0.7568424 0.004962665 0.797538 0.9979746 0.8411911 0.004962665 0.8411911 0.9979746 0.797538 0.004962665 0.7538846 0.9979746 0.7538846 0.004962665 0.797538 0.9979746 0.7538846 0.004962665 0.7538846 0.9979746 0.797538 0.004962665 0.8411911 0.9979746 0.8411911 0.9313427 0.7325454 0.8879787 0.6031192 0.8879786 0.7325454 0.9313426 0.6031191 0.9747066 0.7325454 0.9747066 0.6031191 0.9313427 0.7325454 0.9747066 0.6031191 0.9747066 0.7325454 0.9313426 0.6031191 0.8879786 0.7325454 0.8879787 0.6031192 0.8879786 0.7325454 0.9747066 0.7325454 0.9313427 0.7325454 0.9313427 0.7325454 0.8879786 0.7325454 0.9747066 0.7325454 0.9313427 0.7325454 0.9313427 0.7325454  
				<TextureCoords1>: 0  
				<Normals>: 64 0.5400668 0.09680233 0.8360366 0.5400669 0.09680232 0.8360365 0.5400669 0.09680232 0.8360365 -0.5400668 0.09680261 -0.8360366 -0.5400668 0.09680261 -0.8360366 -0.5400668 0.09680261 -0.8360366 -0.5400671 0.09680234 0.8360364 -0.5400671 0.09680234 0.8360364 -0.5400671 0.09680234 0.8360364 0.5400671 0.09680262 -0.8360364 0.540067 0.09680261 -0.8360364 0.5400671 0.09680261 -0.8360364 0.5136968 -0.1907321 0.8365027 0.4660149 -0.159823 0.8702222 0.4264345 -0.1346123 0.8944457 0.5313885 -0.2023652 0.8226023 -0.513697 -0.1907317 -0.8365027 -0.4660155 -0.1598229 -0.870222 -0.4264353 -0.1346123 -0.8944454 -0.5313885 -0.2023647 -0.8226024 -0.515362 -0.1774857 0.8383918 -0.4605342 -0.2006972 0.8646554 -0.4201182 -0.2167797 0.8811965 -0.5348263 -0.1688282 0.8279238 0.515362 -0.1774854 -0.8383919 0.4605346 -0.2006967 -0.8646552 0.4201189 -0.2167791 -0.8811963 0.5348265 -0.1688279 -0.8279238 0 -1 0 0 -1 0 0 -1 0 0 -1 0 -1 0 -2.675654E-07 0 1.413642E-07 -1 3.884715E-07 1.413642E-07 -1 -1 0 0 -3.766995E-07 -1.413642E-07 1 0 -1.413642E-07 1 1 0 4.281046E-07 0 -1.413642E-07 1 -3.766995E-07 -1.413642E-07 1 1 0 -2.140523E-07 3.884715E-07 1.413642E-07 -1 0 1.413642E-07 -1 1 0 0 -2.142386E-07 -1.550214E-07 1 -1.004244E-07 -1.550214E-07 1 1 0 1.613011E-07 1.606789E-07 1.550214E-07 -1 1.874587E-07 1.550214E-07 -1 -1 0 -2.688351E-07 1.874587E-07 1.550214E-07 -1 1.606789E-07 1.550214E-07 -1 -1 0 -2.688351E-07 -1.004244E-07 -1.550214E-07 1 -2.142386E-07 -1.550214E-07 1 0 -1 -2.610554E-07 0 -1 -2.610554E-07 0 -1 -2.610554E-07 0 -1 -2.610554E-07 0 1 0 0 1 0 0 1 0 0 1 0  
				<Tangents>: 64 0.03335567 -0.9950448 0.0936662 0.05298823 -0.9953035 0.08101381 0.05252638 -0.9953036 0.08131217 -0.03335574 -0.9950447 -0.09366649 -0.05298831 -0.9953035 -0.0810141 -0.0525266 -0.9953036 -0.08131238 -0.05206488 -0.9953035 0.0816103 -0.03335582 -0.9950448 0.09366611 -0.05252662 -0.9953036 0.08131204 0.05206473 -0.9953035 -0.08161074 0.03335571 -0.9950447 -0.0936665 0.05252641 -0.9953036 -0.08131251 -0.09935276 -0.981642 -0.1628129 0.01483119 -0.9820006 -0.1882943 -0.08509327 -0.9904487 -0.1084916 -0.1294561 -0.9790413 -0.1572234 0.09935265 -0.9816421 0.1628125 -0.01483089 -0.9820007 0.188294 0.08509326 -0.9904487 0.1084916 0.129456 -0.9790414 0.157223 0.1120743 -0.9838746 -0.1393916 0.06553208 -0.9791329 -0.192365 0.009008063 -0.9719965 -0.2348224 0.09207492 -0.9856454 -0.1415113 -0.1120744 -0.9838747 0.1393912 -0.06553216 -0.979133 0.1923645 -0.009007635 -0.9719967 0.2348221 -0.09207512 -0.9856454 0.1415109 0.7051198 0 0.7090882 0.7051197 0 0.7090883 0.7051198 0 0.7090882 0.7051199 0 0.7090881 -3.76356E-14 1 1.406594E-07 0 1 1.413642E-07 -1.205436E-16 1 1.413642E-07 0 1 1.41641E-07 2.713949E-16 1 1.413642E-07 0 1 1.413642E-07 -6.063714E-14 1 1.41641E-07 0 1 1.413642E-07 2.713949E-16 1 1.413642E-07 3.010848E-14 1 1.406594E-07 -1.205436E-16 1 1.413642E-07 0 1 1.413642E-07 0 -1.644701E-06 -1 1 -1.906144E-06 2.142384E-07 1 -1.747881E-06 1.004241E-07 1.61301E-07 -1.803576E-06 -1 -1 3.839125E-09 -1.606788E-07 -1 -1.544235E-07 -1.874587E-07 2.68835E-07 1.588754E-07 -1 1 -1.095233E-07 1.874588E-07 1 4.873944E-08 1.60679E-07 2.68835E-07 0 -1 -1 -1.792781E-06 -1.004246E-07 -1 -1.951044E-06 -2.142389E-07 1 0 0 1 0 0 1 0 0 1 0 0 1 0 0 1 0 0 1 0 0 1 0 0  
				<BiTangents>: 64 -0.8409609 0.02269945 0.5406196 -0.8399524 -0.0005472175 0.5426599 -0.8399814 4.076142E-08 0.5426152 -0.8409609 -0.02269955 0.5406196 -0.8399523 0.0005471298 0.5426598 -0.8399814 3.830351E-08 0.5426152 -0.8400099 -0.0005469031 -0.5425707 -0.8409607 -0.0226993 -0.5406199 -0.8399813 2.133233E-07 -0.5426154 -0.84001 0.0005472602 -0.5425706 -0.8409608 0.0226996 -0.5406197 -0.8399813 2.114733E-07 -0.5426154 -0.8521998 -0.0005276017 0.5232162 -0.8846526 -0.1006544 0.4552566 -0.900507 0.02984675 0.4338161 -0.8371782 0.02294419 0.5464487 -0.8521998 0.0005275233 0.5232163 -0.8846523 0.1006541 0.4552572 -0.9005066 -0.02984662 0.4338169 -0.8371782 -0.0229443 0.5464488 -0.8496125 -0.02212506 -0.5269432 -0.8852196 0.031928 -0.4640763 -0.9074247 0.09071528 -0.4103062 -0.8399304 -0.0005470284 -0.542694 -0.8496125 0.02212535 -0.5269432 -0.8852194 -0.03192778 -0.4640768 -0.9074243 -0.0907157 -0.4103069 -0.8399302 0.0005473866 -0.5426942 -0.7090882 0 0.7051198 -0.7090883 0 0.7051197 -0.7090882 0 0.7051198 -0.7090881 0 0.7051199 -2.675654E-07 -1.406594E-07 1 -1 0 0 -1 5.479542E-14 -3.884715E-07 0 -1.41641E-07 1 1 -5.352323E-14 3.766995E-07 1 0 0 -4.281046E-07 -1.41641E-07 1 -1 0 0 -1 5.352323E-14 -3.766995E-07 2.140523E-07 -1.406594E-07 1 1 -5.479542E-14 3.884715E-07 1 0 0 0 1 -1.644701E-06 1.906144E-06 1 1.550218E-07 1.747881E-06 1 1.550216E-07 2.909188E-13 1 -1.803576E-06 3.839101E-09 1 1.550214E-07 -1.544235E-07 1 1.550214E-07 -4.271128E-14 1 1.588754E-07 1.095232E-07 1 1.550214E-07 -4.873947E-08 1 1.550214E-07 0 1 0 -1.792781E-06 1 1.550212E-07 -1.951044E-06 1 1.55021E-07 0 -2.610554E-07 1 0 -2.610554E-07 1 0 -2.610554E-07 1 0 -2.610554E-07 1 0 0 1 0 0 1 0 0 1 0 0 1  
				<SubMeshes>: 1
					<SubMesh>: 0 102 0 1 2 3 4 5 6 7 8 9 10 11 12 13 14 13 12 15 16 17 18 17 16 19 20 21 22 21 20 23 24 25 26 25 24 27 28 29 30 28 30 31 32 33 34 33 32 35 36 35 32 35 36 37 38 39 40 39 38 41 42 41 38 41 42 43 44 45 46 45 44 47 48 47 44 47 48 49 50 51 52 51 50 53 54 53 50 53 54 55 56 57 58 57 56 59 60 61 62 61 60 63  
			</Mesh>
			<Materials>: 1
				<Material>: 0
					<AlbedoMap>: @Tex_Trap01
			</Materials>
			<Children>: 0
		</Frame>
</Frame>
